scenario_id,timestamp,receiver_id,receiver_policy,coperception_yaml,resource_allocation,upload_mode,grid_selection_mode,grid_score_mode,coverage_fallback,coverage_fallback_replacements,routing_hint_replacements,routing_hints_csv,clustering,cluster_count,selective_frame_deadline_ms,cluster_member_ids,source_cav_ids,uploaded_source_ids,selected_grid_counts_json,point_counts_json,communication_bytes,frame_comm_time_ms,num_channels,bandwidth_mhz,communication_deadline_ms,sgcp_frame_mbps_budget,sgcp_frame_budget_bytes,sgcp_frame_budget_original_bytes,sgcp_frame_budget_admitted_bytes,max_senders_per_receiver,channel_estimator,ns3_tb_size_bytes,ns3_slot_duration_ms,ns3_subchannel_prbs,ns3_symbols_per_slot,ns3_mcs,pcs_rounds_requested,pcs_rounds_accepted,pcs_round_comm_time_ms_json,pcs_round_comm_bytes_json,channel_allocation,missing_channel_sources,pred_boxes,gt_boxes,skipped
2026_07_15_01_26_56,000060,4,all-cluster-heads,C:\Workspace\OpenCDA\docs\doc_workspace\SGCP\artifacts\early_from_late_checkpoint_20260719\enable_coperception_early_from_attentive.yaml,fullperception_pcs,grid,utility,utility,none,0,0,,cov_coalition_game,6,,1;4,4,,{},"{""4"": 4886}",0,38.932146829810904,10,40.0,60.0,,,,,2,ns3,899,0.5,10,12,28,1,1,[38.932146829810904],[550592],,,12,28,
2026_07_15_01_26_56,000060,11,all-cluster-heads,C:\Workspace\OpenCDA\docs\doc_workspace\SGCP\artifacts\early_from_late_checkpoint_20260719\enable_coperception_early_from_attentive.yaml,fullperception_pcs,grid,utility,utility,none,0,0,,cov_coalition_game,6,,9;11,11,,{},"{""11"": 4909}",0,38.932146829810904,10,40.0,60.0,,,,,2,ns3,899,0.5,10,12,28,1,1,[38.932146829810904],[550592],,,16,13,
2026_07_15_01_26_56,000060,13,all-cluster-heads,C:\Workspace\OpenCDA\docs\doc_workspace\SGCP\artifacts\early_from_late_checkpoint_20260719\enable_coperception_early_from_attentive.yaml,fullperception_pcs,grid,utility,utility,none,0,0,,cov_coalition_game,6,,13;19,13,,{},"{""13"": 4793}",0,38.932146829810904,10,40.0,60.0,,,,,2,ns3,899,0.5,10,12,28,1,1,[38.932146829810904],[550592],,,2,11,
2026_07_15_01_26_56,000060,15,all-cluster-heads,C:\Workspace\OpenCDA\docs\doc_workspace\SGCP\artifacts\early_from_late_checkpoint_20260719\enable_coperception_early_from_attentive.yaml,fullperception_pcs,grid,utility,utility,none,0,0,,cov_coalition_game,6,,6;15,15;6,6,"{""6"": 25}","{""6"": 4120, ""15"": 4740}",65920,38.932146829810904,10,40.0,60.0,,,,,2,ns3,899,0.5,10,12,28,1,1,[38.932146829810904],[550592],6>15:0,,13,17,
2026_07_15_01_26_56,000060,16,all-cluster-heads,C:\Workspace\OpenCDA\docs\doc_workspace\SGCP\artifacts\early_from_late_checkpoint_20260719\enable_coperception_early_from_attentive.yaml,fullperception_pcs,grid,utility,utility,none,0,0,,cov_coalition_game,6,,16,16,,{},"{""16"": 4857}",0,38.932146829810904,10,40.0,60.0,,,,,2,ns3,899,0.5,10,12,28,1,1,[38.932146829810904],[550592],,,17,25,
2026_07_15_01_26_56,000060,17,all-cluster-heads,C:\Workspace\OpenCDA\docs\doc_workspace\SGCP\artifacts\early_from_late_checkpoint_20260719\enable_coperception_early_from_attentive.yaml,fullperception_pcs,grid,utility,utility,none,0,0,,cov_coalition_game,6,,17;18,17,,{},"{""17"": 4967}",0,38.932146829810904,10,40.0,60.0,,,,,2,ns3,899,0.5,10,12,28,1,1,[38.932146829810904],[550592],,,9,10,
2026_07_15_01_26_56,000062,1,all-cluster-heads,C:\Workspace\OpenCDA\docs\doc_workspace\SGCP\artifacts\early_from_late_checkpoint_20260719\enable_coperception_early_from_attentive.yaml,fullperception_pcs,grid,utility,utility,none,0,0,,cov_coalition_game,6,,1;4,1;4,4,"{""4"": 36}","{""1"": 4921, ""4"": 3080}",49280,38.941045606229146,10,40.0,60.0,,,,,2,ns3,899,0.5,10,12,28,1,1,[38.941045606229146],[551392],4>1:7,,22,34,
2026_07_15_01_26_56,000062,12,all-cluster-heads,C:\Workspace\OpenCDA\docs\doc_workspace\SGCP\artifacts\early_from_late_checkpoint_20260719\enable_coperception_early_from_attentive.yaml,fullperception_pcs,grid,utility,utility,none,0,0,,cov_coalition_game,6,,12,12,,{},"{""12"": 4894}",0,38.941045606229146,10,40.0,60.0,,,,,2,ns3,899,0.5,10,12,28,1,1,[38.941045606229146],[551392],,,7,20,
2026_07_15_01_26_56,000062,15,all-cluster-heads,C:\Workspace\OpenCDA\docs\doc_workspace\SGCP\artifacts\early_from_late_checkpoint_20260719\enable_coperception_early_from_attentive.yaml,fullperception_pcs,grid,utility,utility,none,0,0,,cov_coalition_game,6,,6;15,15;6,6,"{""6"": 25}","{""6"": 4096, ""15"": 4745}",65536,38.941045606229146,10,40.0,60.0,,,,,2,ns3,899,0.5,10,12,28,1,1,[38.941045606229146],[551392],6>15:0,,15,17,
2026_07_15_01_26_56,000062,16,all-cluster-heads,C:\Workspace\OpenCDA\docs\doc_workspace\SGCP\artifacts\early_from_late_checkpoint_20260719\enable_coperception_early_from_attentive.yaml,fullperception_pcs,grid,utility,utility,none,0,0,,cov_coalition_game,6,,16,16,,{},"{""16"": 4866}",0,38.941045606229146,10,40.0,60.0,,,,,2,ns3,899,0.5,10,12,28,1,1,[38.941045606229146],[551392],,,14,25,
2026_07_15_01_26_56,000062,17,all-cluster-heads,C:\Workspace\OpenCDA\docs\doc_workspace\SGCP\artifacts\early_from_late_checkpoint_20260719\enable_coperception_early_from_attentive.yaml,fullperception_pcs,grid,utility,utility,none,0,0,,cov_coalition_game,6,,17;18,17,,{},"{""17"": 4985}",0,38.941045606229146,10,40.0,60.0,,,,,2,ns3,899,0.5,10,12,28,1,1,[38.941045606229146],[551392],,,6,9,
2026_07_15_01_26_56,000062,19,all-cluster-heads,C:\Workspace\OpenCDA\docs\doc_workspace\SGCP\artifacts\early_from_late_checkpoint_20260719\enable_coperception_early_from_attentive.yaml,fullperception_pcs,grid,utility,utility,none,0,0,,cov_coalition_game,6,,5;13;19,19;13;5,13;5,"{""5"": 28, ""13"": 36}","{""5"": 4376, ""13"": 3908, ""19"": 4823}",132544,38.941045606229146,10,40.0,60.0,,,,,2,ns3,899,0.5,10,12,28,1,1,[38.941045606229146],[551392],5>19:6;13>19:5,,12,27,
2026_07_15_01_26_56,000064,1,all-cluster-heads,C:\Workspace\OpenCDA\docs\doc_workspace\SGCP\artifacts\early_from_late_checkpoint_20260719\enable_coperception_early_from_attentive.yaml,fullperception_pcs,grid,utility,utility,none,0,0,,cov_coalition_game,6,,1;4,1;4,4,"{""4"": 36}","{""1"": 4921, ""4"": 3131}",50096,38.94994438264739,10,40.0,60.0,,,,,2,ns3,899,0.5,10,12,28,1,1,[38.94994438264739],[614624],4>1:8,,24,33,
2026_07_15_01_26_56,000064,12,all-cluster-heads,C:\Workspace\OpenCDA\docs\doc_workspace\SGCP\artifacts\early_from_late_checkpoint_20260719\enable_coperception_early_from_attentive.yaml,fullperception_pcs,grid,utility,utility,none,0,0,,cov_coalition_game,6,,12,12,,{},"{""12"": 4896}",0,38.94994438264739,10,40.0,60.0,,,,,2,ns3,899,0.5,10,12,28,1,1,[38.94994438264739],[614624],,,9,19,
2026_07_15_01_26_56,000064,15,all-cluster-heads,C:\Workspace\OpenCDA\docs\doc_workspace\SGCP\artifacts\early_from_late_checkpoint_20260719\enable_coperception_early_from_attentive.yaml,fullperception_pcs,grid,utility,utility,none,0,0,,cov_coalition_game,6,,6;15,15;6,6,"{""6"": 25}","{""6"": 4118, ""15"": 4750}",65888,38.94994438264739,10,40.0,60.0,,,,,2,ns3,899,0.5,10,12,28,1,1,[38.94994438264739],[614624],6>15:0,,15,17,
2026_07_15_01_26_56,000064,16,all-cluster-heads,C:\Workspace\OpenCDA\docs\doc_workspace\SGCP\artifacts\early_from_late_checkpoint_20260719\enable_coperception_early_from_attentive.yaml,fullperception_pcs,grid,utility,utility,none,0,0,,cov_coalition_game,6,,9;16,16,,{},"{""16"": 4850}",0,38.94994438264739,10,40.0,60.0,,,,,2,ns3,899,0.5,10,12,28,1,1,[38.94994438264739],[614624],,,16,24,
2026_07_15_01_26_56,000064,17,all-cluster-heads,C:\Workspace\OpenCDA\docs\doc_workspace\SGCP\artifacts\early_from_late_checkpoint_20260719\enable_coperception_early_from_attentive.yaml,fullperception_pcs,grid,utility,utility,none,0,0,,cov_coalition_game,6,,17;18,17,,{},"{""17"": 4966}",0,38.94994438264739,10,40.0,60.0,,,,,2,ns3,899,0.5,10,12,28,1,1,[38.94994438264739],[614624],,,10,9,
2026_07_15_01_26_56,000064,19,all-cluster-heads,C:\Workspace\OpenCDA\docs\doc_workspace\SGCP\artifacts\early_from_late_checkpoint_20260719\enable_coperception_early_from_attentive.yaml,fullperception_pcs,grid,utility,utility,none,0,0,,cov_coalition_game,6,,5;13;19,19;13;5,13;5,"{""5"": 28, ""13"": 36}","{""5"": 4377, ""13"": 3909, ""19"": 4819}",132576,38.94994438264739,10,40.0,60.0,,,,,2,ns3,899,0.5,10,12,28,1,1,[38.94994438264739],[614624],5>19:7;13>19:5,,12,28,
2026_07_15_01_26_56,000066,1,all-cluster-heads,C:\Workspace\OpenCDA\docs\doc_workspace\SGCP\artifacts\early_from_late_checkpoint_20260719\enable_coperception_early_from_attentive.yaml,fullperception_pcs,grid,utility,utility,none,0,0,,cov_coalition_game,6,,1;4,1;4,4,"{""4"": 36}","{""1"": 4922, ""4"": 3175}",50800,42.34927697441602,10,40.0,60.0,,,,,2,ns3,899,0.5,10,12,28,1,1,[42.34927697441602],[569344],4>1:7,,26,34,
2026_07_15_01_26_56,000066,12,all-cluster-heads,C:\Workspace\OpenCDA\docs\doc_workspace\SGCP\artifacts\early_from_late_checkpoint_20260719\enable_coperception_early_from_attentive.yaml,fullperception_pcs,grid,utility,utility,none,0,0,,cov_coalition_game,6,,12,12,,{},"{""12"": 4884}",0,42.34927697441602,10,40.0,60.0,,,,,2,ns3,899,0.5,10,12,28,1,1,[42.34927697441602],[569344],,,8,19,
2026_07_15_01_26_56,000066,15,all-cluster-heads,C:\Workspace\OpenCDA\docs\doc_workspace\SGCP\artifacts\early_from_late_checkpoint_20260719\enable_coperception_early_from_attentive.yaml,fullperception_pcs,grid,utility,utility,none,0,0,,cov_coalition_game,6,,6;15,15;6,6,"{""6"": 24}","{""6"": 4108, ""15"": 4740}",65728,42.34927697441602,10,40.0,60.0,,,,,2,ns3,899,0.5,10,12,28,1,1,[42.34927697441602],[569344],6>15:0,,14,17,
2026_07_15_01_26_56,000066,16,all-cluster-heads,C:\Workspace\OpenCDA\docs\doc_workspace\SGCP\artifacts\early_from_late_checkpoint_20260719\enable_coperception_early_from_attentive.yaml,fullperception_pcs,grid,utility,utility,none,0,0,,cov_coalition_game,6,,3;16,16,,{},"{""16"": 4854}",0,42.34927697441602,10,40.0,60.0,,,,,2,ns3,899,0.5,10,12,28,1,1,[42.34927697441602],[569344],,,13,24,
2026_07_15_01_26_56,000066,17,all-cluster-heads,C:\Workspace\OpenCDA\docs\doc_workspace\SGCP\artifacts\early_from_late_checkpoint_20260719\enable_coperception_early_from_attentive.yaml,fullperception_pcs,grid,utility,utility,none,0,0,,cov_coalition_game,6,,17;18,17,,{},"{""17"": 4984}",0,42.34927697441602,10,40.0,60.0,,,,,2,ns3,899,0.5,10,12,28,1,1,[42.34927697441602],[569344],,,4,9,
2026_07_15_01_26_56,000066,19,all-cluster-heads,C:\Workspace\OpenCDA\docs\doc_workspace\SGCP\artifacts\early_from_late_checkpoint_20260719\enable_coperception_early_from_attentive.yaml,fullperception_pcs,grid,utility,utility,none,0,0,,cov_coalition_game,6,,5;13;19,19;13;5,13;5,"{""5"": 28, ""13"": 36}","{""5"": 4377, ""13"": 3907, ""19"": 4818}",132544,42.34927697441602,10,40.0,60.0,,,,,2,ns3,899,0.5,10,12,28,1,1,[42.34927697441602],[569344],5>19:6;13>19:3,,10,28,
2026_07_15_01_26_56,000068,1,all-cluster-heads,C:\Workspace\OpenCDA\docs\doc_workspace\SGCP\artifacts\early_from_late_checkpoint_20260719\enable_coperception_early_from_attentive.yaml,fullperception_pcs,grid,utility,utility,none,0,0,,cov_coalition_game,6,,1;4,1;4,4,"{""4"": 36}","{""1"": 4924, ""4"": 3216}",51456,38.94994438264739,10,40.0,60.0,,,,,2,ns3,899,0.5,10,12,28,1,1,[38.94994438264739],[616832],4>1:8,,22,34,
2026_07_15_01_26_56,000068,4,all-cluster-heads,C:\Workspace\OpenCDA\docs\doc_workspace\SGCP\artifacts\early_from_late_checkpoint_20260719\enable_coperception_early_from_attentive.yaml,fullperception_pcs,grid,utility,utility,none,0,0,,cov_coalition_game,6,,1;4,4,,{},"{""4"": 4848}",0,38.94994438264739,10,40.0,60.0,,,,,2,ns3,899,0.5,10,12,28,1,1,[38.94994438264739],[616832],,,14,28,
2026_07_15_01_26_56,000068,13,all-cluster-heads,C:\Workspace\OpenCDA\docs\doc_workspace\SGCP\artifacts\early_from_late_checkpoint_20260719\enable_coperception_early_from_attentive.yaml,fullperception_pcs,grid,utility,utility,none,0,0,,cov_coalition_game,6,,13;19,13,,{},"{""13"": 4795}",0,38.94994438264739,10,40.0,60.0,,,,,2,ns3,899,0.5,10,12,28,1,1,[38.94994438264739],[616832],,,0,11,
2026_07_15_01_26_56,000068,15,all-cluster-heads,C:\Workspace\OpenCDA\docs\doc_workspace\SGCP\artifacts\early_from_late_checkpoint_20260719\enable_coperception_early_from_attentive.yaml,fullperception_pcs,grid,utility,utility,none,0,0,,cov_coalition_game,6,,6;15,15;6,6,"{""6"": 25}","{""6"": 4120, ""15"": 4743}",65920,38.94994438264739,10,40.0,60.0,,,,,2,ns3,899,0.5,10,12,28,1,1,[38.94994438264739],[616832],6>15:0,,15,16,
2026_07_15_01_26_56,000068,16,all-cluster-heads,C:\Workspace\OpenCDA\docs\doc_workspace\SGCP\artifacts\early_from_late_checkpoint_20260719\enable_coperception_early_from_attentive.yaml,fullperception_pcs,grid,utility,utility,none,0,0,,cov_coalition_game,6,,9;16,16,,{},"{""16"": 4887}",0,38.94994438264739,10,40.0,60.0,,,,,2,ns3,899,0.5,10,12,28,1,1,[38.94994438264739],[616832],,,14,23,
2026_07_15_01_26_56,000068,17,all-cluster-heads,C:\Workspace\OpenCDA\docs\doc_workspace\SGCP\artifacts\early_from_late_checkpoint_20260719\enable_coperception_early_from_attentive.yaml,fullperception_pcs,grid,utility,utility,none,0,0,,cov_coalition_game,6,,17;18,17,,{},"{""17"": 4976}",0,38.94994438264739,10,40.0,60.0,,,,,2,ns3,899,0.5,10,12,28,1,1,[38.94994438264739],[616832],,,9,9,
2026_07_15_01_26_56,000070,1,all-cluster-heads,C:\Workspace\OpenCDA\docs\doc_workspace\SGCP\artifacts\early_from_late_checkpoint_20260719\enable_coperception_early_from_attentive.yaml,fullperception_pcs,grid,utility,utility,none,0,0,,cov_coalition_game,6,,1;4,1;4,4,"{""4"": 36}","{""1"": 4925, ""4"": 3255}",52080,38.976640711902114,10,40.0,60.0,,,,,2,ns3,899,0.5,10,12,28,1,1,[38.976640711902114],[616896],4>1:8,,22,34,
2026_07_15_01_26_56,000070,11,all-cluster-heads,C:\Workspace\OpenCDA\docs\doc_workspace\SGCP\artifacts\early_from_late_checkpoint_20260719\enable_coperception_early_from_attentive.yaml,fullperception_pcs,grid,utility,utility,none,0,0,,cov_coalition_game,6,,9;11,11,,{},"{""11"": 4909}",0,38.976640711902114,10,40.0,60.0,,,,,2,ns3,899,0.5,10,12,28,1,1,[38.976640711902114],[616896],,,16,14,
2026_07_15_01_26_56,000070,13,all-cluster-heads,C:\Workspace\OpenCDA\docs\doc_workspace\SGCP\artifacts\early_from_late_checkpoint_20260719\enable_coperception_early_from_attentive.yaml,fullperception_pcs,grid,utility,utility,none,0,0,,cov_coalition_game,6,,13;19,13,,{},"{""13"": 4795}",0,38.976640711902114,10,40.0,60.0,,,,,2,ns3,899,0.5,10,12,28,1,1,[38.976640711902114],[616896],,,0,11,
2026_07_15_01_26_56,000070,15,all-cluster-heads,C:\Workspace\OpenCDA\docs\doc_workspace\SGCP\artifacts\early_from_late_checkpoint_20260719\enable_coperception_early_from_attentive.yaml,fullperception_pcs,grid,utility,utility,none,0,0,,cov_coalition_game,6,,6;15,15;6,6,"{""6"": 25}","{""6"": 4085, ""15"": 4740}",65360,38.976640711902114,10,40.0,60.0,,,,,2,ns3,899,0.5,10,12,28,1,1,[38.976640711902114],[616896],6>15:0,,15,16,
2026_07_15_01_26_56,000070,16,all-cluster-heads,C:\Workspace\OpenCDA\docs\doc_workspace\SGCP\artifacts\early_from_late_checkpoint_20260719\enable_coperception_early_from_attentive.yaml,fullperception_pcs,grid,utility,utility,none,0,0,,cov_coalition_game,6,,9;16,16,,{},"{""16"": 4856}",0,38.976640711902114,10,40.0,60.0,,,,,2,ns3,899,0.5,10,12,28,1,1,[38.976640711902114],[616896],,,13,24,
2026_07_15_01_26_56,000070,17,all-cluster-heads,C:\Workspace\OpenCDA\docs\doc_workspace\SGCP\artifacts\early_from_late_checkpoint_20260719\enable_coperception_early_from_attentive.yaml,fullperception_pcs,grid,utility,utility,none,0,0,,cov_coalition_game,6,,17;18,17,,{},"{""17"": 4972}",0,38.976640711902114,10,40.0,60.0,,,,,2,ns3,899,0.5,10,12,28,1,1,[38.976640711902114],[616896],,,9,9,
2026_07_15_01_26_56,000072,1,all-cluster-heads,C:\Workspace\OpenCDA\docs\doc_workspace\SGCP\artifacts\early_from_late_checkpoint_20260719\enable_coperception_early_from_attentive.yaml,fullperception_pcs,grid,utility,utility,none,0,0,,cov_coalition_game,6,,1;4,1;4,4,"{""4"": 36}","{""1"": 4928, ""4"": 3322}",53152,42.34927697441602,10,40.0,60.0,,,,,2,ns3,899,0.5,10,12,28,1,1,[42.34927697441602],[576048],4>1:7,,19,32,
2026_07_15_01_26_56,000072,4,all-cluster-heads,C:\Workspace\OpenCDA\docs\doc_workspace\SGCP\artifacts\early_from_late_checkpoint_20260719\enable_coperception_early_from_attentive.yaml,fullperception_pcs,grid,utility,utility,none,0,0,,cov_coalition_game,6,,1;4,4,,{},"{""4"": 4868}",0,42.34927697441602,10,40.0,60.0,,,,,2,ns3,899,0.5,10,12,28,1,1,[42.34927697441602],[576048],,,13,27,
2026_07_15_01_26_56,000072,13,all-cluster-heads,C:\Workspace\OpenCDA\docs\doc_workspace\SGCP\artifacts\early_from_late_checkpoint_20260719\enable_coperception_early_from_attentive.yaml,fullperception_pcs,grid,utility,utility,none,0,0,,cov_coalition_game,6,,13;19,13,,{},"{""13"": 4800}",0,42.34927697441602,10,40.0,60.0,,,,,2,ns3,899,0.5,10,12,28,1,1,[42.34927697441602],[576048],,,3,10,
2026_07_15_01_26_56,000072,15,all-cluster-heads,C:\Workspace\OpenCDA\docs\doc_workspace\SGCP\artifacts\early_from_late_checkpoint_20260719\enable_coperception_early_from_attentive.yaml,fullperception_pcs,grid,utility,utility,none,0,0,,cov_coalition_game,6,,6;15,15;6,6,"{""6"": 24}","{""6"": 4074, ""15"": 4748}",65184,42.34927697441602,10,40.0,60.0,,,,,2,ns3,899,0.5,10,12,28,1,1,[42.34927697441602],[576048],6>15:0,,16,18,
2026_07_15_01_26_56,000072,16,all-cluster-heads,C:\Workspace\OpenCDA\docs\doc_workspace\SGCP\artifacts\early_from_late_checkpoint_20260719\enable_coperception_early_from_attentive.yaml,fullperception_pcs,grid,utility,utility,none,0,0,,cov_coalition_game,6,,3;16,16,,{},"{""16"": 4868}",0,42.34927697441602,10,40.0,60.0,,,,,2,ns3,899,0.5,10,12,28,1,1,[42.34927697441602],[576048],,,14,23,
2026_07_15_01_26_56,000072,17,all-cluster-heads,C:\Workspace\OpenCDA\docs\doc_workspace\SGCP\artifacts\early_from_late_checkpoint_20260719\enable_coperception_early_from_attentive.yaml,fullperception_pcs,grid,utility,utility,none,0,0,,cov_coalition_game,6,,17;18,17,,{},"{""17"": 4977}",0,42.34927697441602,10,40.0,60.0,,,,,2,ns3,899,0.5,10,12,28,1,1,[42.34927697441602],[576048],,,7,9,
2026_07_15_01_26_56,000074,1,all-cluster-heads,C:\Workspace\OpenCDA\docs\doc_workspace\SGCP\artifacts\early_from_late_checkpoint_20260719\enable_coperception_early_from_attentive.yaml,fullperception_pcs,grid,utility,utility,none,0,0,,cov_coalition_game,6,,1;4,1;4,4,"{""4"": 36}","{""1"": 4931, ""4"": 3359}",53744,42.32258064516129,10,40.0,60.0,,,,,2,ns3,899,0.5,10,12,28,1,1,[42.32258064516129],[577536],4>1:7,,20,32,
2026_07_15_01_26_56,000074,12,all-cluster-heads,C:\Workspace\OpenCDA\docs\doc_workspace\SGCP\artifacts\early_from_late_checkpoint_20260719\enable_coperception_early_from_attentive.yaml,fullperception_pcs,grid,utility,utility,none,0,0,,cov_coalition_game,6,,12,12,,{},"{""12"": 4881}",0,42.32258064516129,10,40.0,60.0,,,,,2,ns3,899,0.5,10,12,28,1,1,[42.32258064516129],[577536],,,8,19,
2026_07_15_01_26_56,000074,13,all-cluster-heads,C:\Workspace\OpenCDA\docs\doc_workspace\SGCP\artifacts\early_from_late_checkpoint_20260719\enable_coperception_early_from_attentive.yaml,fullperception_pcs,grid,utility,utility,none,0,0,,cov_coalition_game,6,,13;19,13,,{},"{""13"": 4800}",0,42.32258064516129,10,40.0,60.0,,,,,2,ns3,899,0.5,10,12,28,1,1,[42.32258064516129],[577536],,,3,11,
2026_07_15_01_26_56,000074,15,all-cluster-heads,C:\Workspace\OpenCDA\docs\doc_workspace\SGCP\artifacts\early_from_late_checkpoint_20260719\enable_coperception_early_from_attentive.yaml,fullperception_pcs,grid,utility,utility,none,0,0,,cov_coalition_game,6,,6;15,15;6,6,"{""6"": 22}","{""6"": 4065, ""15"": 4753}",65040,42.32258064516129,10,40.0,60.0,,,,,2,ns3,899,0.5,10,12,28,1,1,[42.32258064516129],[577536],6>15:0,,15,18,
2026_07_15_01_26_56,000074,17,all-cluster-heads,C:\Workspace\OpenCDA\docs\doc_workspace\SGCP\artifacts\early_from_late_checkpoint_20260719\enable_coperception_early_from_attentive.yaml,fullperception_pcs,grid,utility,utility,none,0,0,,cov_coalition_game,6,,17;18,17,,{},"{""17"": 4954}",0,42.32258064516129,10,40.0,60.0,,,,,2,ns3,899,0.5,10,12,28,1,1,[42.32258064516129],[577536],,,8,9,
2026_07_15_01_26_56,000074,20,all-cluster-heads,C:\Workspace\OpenCDA\docs\doc_workspace\SGCP\artifacts\early_from_late_checkpoint_20260719\enable_coperception_early_from_attentive.yaml,fullperception_pcs,grid,utility,utility,none,0,0,,cov_coalition_game,6,,20,20,,{},"{""20"": 4907}",0,42.32258064516129,10,40.0,60.0,,,,,2,ns3,899,0.5,10,12,28,1,1,[42.32258064516129],[577536],,,21,19,
2026_07_15_01_26_56,000076,1,all-cluster-heads,C:\Workspace\OpenCDA\docs\doc_workspace\SGCP\artifacts\early_from_late_checkpoint_20260719\enable_coperception_early_from_attentive.yaml,fullperception_pcs,grid,utility,utility,none,0,0,,cov_coalition_game,6,,1;4,1;4,4,"{""4"": 35}","{""1"": 4934, ""4"": 3440}",55040,39.53726362625139,10,40.0,60.0,,,,,2,ns3,899,0.5,10,12,28,1,1,[39.53726362625139],[588784],4>1:7,,19,32,
2026_07_15_01_26_56,000076,4,all-cluster-heads,C:\Workspace\OpenCDA\docs\doc_workspace\SGCP\artifacts\early_from_late_checkpoint_20260719\enable_coperception_early_from_attentive.yaml,fullperception_pcs,grid,utility,utility,none,0,0,,cov_coalition_game,6,,1;4,4,,{},"{""4"": 4853}",0,39.53726362625139,10,40.0,60.0,,,,,2,ns3,899,0.5,10,12,28,1,1,[39.53726362625139],[588784],,,11,27,
2026_07_15_01_26_56,000076,13,all-cluster-heads,C:\Workspace\OpenCDA\docs\doc_workspace\SGCP\artifacts\early_from_late_checkpoint_20260719\enable_coperception_early_from_attentive.yaml,fullperception_pcs,grid,utility,utility,none,0,0,,cov_coalition_game,6,,13,13,,{},"{""13"": 4773}",0,39.53726362625139,10,40.0,60.0,,,,,2,ns3,899,0.5,10,12,28,1,1,[39.53726362625139],[588784],,,2,11,
2026_07_15_01_26_56,000076,15,all-cluster-heads,C:\Workspace\OpenCDA\docs\doc_workspace\SGCP\artifacts\early_from_late_checkpoint_20260719\enable_coperception_early_from_attentive.yaml,fullperception_pcs,grid,utility,utility,none,0,0,,cov_coalition_game,6,,6;15,15;6,6,"{""6"": 22}","{""6"": 4058, ""15"": 4754}",64928,39.53726362625139,10,40.0,60.0,,,,,2,ns3,899,0.5,10,12,28,1,1,[39.53726362625139],[588784],6>15:0,,16,18,
2026_07_15_01_26_56,000076,16,all-cluster-heads,C:\Workspace\OpenCDA\docs\doc_workspace\SGCP\artifacts\early_from_late_checkpoint_20260719\enable_coperception_early_from_attentive.yaml,fullperception_pcs,grid,utility,utility,none,0,0,,cov_coalition_game,6,,16;17,16,,{},"{""16"": 4885}",0,39.53726362625139,10,40.0,60.0,,,,,2,ns3,899,0.5,10,12,28,1,1,[39.53726362625139],[588784],,,12,21,
2026_07_15_01_26_56,000076,17,all-cluster-heads,C:\Workspace\OpenCDA\docs\doc_workspace\SGCP\artifacts\early_from_late_checkpoint_20260719\enable_coperception_early_from_attentive.yaml,fullperception_pcs,grid,utility,utility,none,0,0,,cov_coalition_game,6,,16;17,17;16,16,"{""16"": 41}","{""16"": 3121, ""17"": 5003}",49936,39.53726362625139,10,40.0,60.0,,,,,2,ns3,899,0.5,10,12,28,1,1,[39.53726362625139],[588784],16>17:6,,10,21,
2026_07_15_01_26_56,000078,1,all-cluster-heads,C:\Workspace\OpenCDA\docs\doc_workspace\SGCP\artifacts\early_from_late_checkpoint_20260719\enable_coperception_early_from_attentive.yaml,fullperception_pcs,grid,utility,utility,none,0,0,,cov_coalition_game,6,,1;4,1;4,4,"{""4"": 34}","{""1"": 4934, ""4"": 3483}",55728,39.483870967741936,10,40.0,60.0,,,,,2,ns3,899,0.5,10,12,28,1,1,[39.483870967741936],[665008],4>1:8,,20,34,
2026_07_15_01_26_56,000078,4,all-cluster-heads,C:\Workspace\OpenCDA\docs\doc_workspace\SGCP\artifacts\early_from_late_checkpoint_20260719\enable_coperception_early_from_attentive.yaml,fullperception_pcs,grid,utility,utility,none,0,0,,cov_coalition_game,6,,1;4,4,,{},"{""4"": 4858}",0,39.483870967741936,10,40.0,60.0,,,,,2,ns3,899,0.5,10,12,28,1,1,[39.483870967741936],[665008],,,10,30,
2026_07_15_01_26_56,000078,13,all-cluster-heads,C:\Workspace\OpenCDA\docs\doc_workspace\SGCP\artifacts\early_from_late_checkpoint_20260719\enable_coperception_early_from_attentive.yaml,fullperception_pcs,grid,utility,utility,none,0,0,,cov_coalition_game,6,,13,13,,{},"{""13"": 4778}",0,39.483870967741936,10,40.0,60.0,,,,,2,ns3,899,0.5,10,12,28,1,1,[39.483870967741936],[665008],,,1,10,
2026_07_15_01_26_56,000078,15,all-cluster-heads,C:\Workspace\OpenCDA\docs\doc_workspace\SGCP\artifacts\early_from_late_checkpoint_20260719\enable_coperception_early_from_attentive.yaml,fullperception_pcs,grid,utility,utility,none,0,0,,cov_coalition_game,6,,6;15,15,,{},"{""15"": 4753}",0,39.483870967741936,10,40.0,60.0,,,,,2,ns3,899,0.5,10,12,28,1,1,[39.483870967741936],[665008],,,13,9,
2026_07_15_01_26_56,000078,16,all-cluster-heads,C:\Workspace\OpenCDA\docs\doc_workspace\SGCP\artifacts\early_from_late_checkpoint_20260719\enable_coperception_early_from_attentive.yaml,fullperception_pcs,grid,utility,utility,none,0,0,,cov_coalition_game,6,,9;16,16,,{},"{""16"": 4880}",0,39.483870967741936,10,40.0,60.0,,,,,2,ns3,899,0.5,10,12,28,1,1,[39.483870967741936],[665008],,,12,22,
2026_07_15_01_26_56,000078,17,all-cluster-heads,C:\Workspace\OpenCDA\docs\doc_workspace\SGCP\artifacts\early_from_late_checkpoint_20260719\enable_coperception_early_from_attentive.yaml,fullperception_pcs,grid,utility,utility,none,0,0,,cov_coalition_game,6,,17;18,17,,{},"{""17"": 4995}",0,39.483870967741936,10,40.0,60.0,,,,,2,ns3,899,0.5,10,12,28,1,1,[39.483870967741936],[665008],,,8,10,
2026_07_15_01_26_56,000080,1,all-cluster-heads,C:\Workspace\OpenCDA\docs\doc_workspace\SGCP\artifacts\early_from_late_checkpoint_20260719\enable_coperception_early_from_attentive.yaml,fullperception_pcs,grid,utility,utility,none,0,0,,cov_coalition_game,6,,1;4,1;4,4,"{""4"": 34}","{""1"": 4933, ""4"": 3484}",55744,39.47497219132369,10,40.0,60.0,,,,,2,ns3,899,0.5,10,12,28,1,1,[39.47497219132369],[604256],4>1:7,,20,33,
2026_07_15_01_26_56,000080,4,all-cluster-heads,C:\Workspace\OpenCDA\docs\doc_workspace\SGCP\artifacts\early_from_late_checkpoint_20260719\enable_coperception_early_from_attentive.yaml,fullperception_pcs,grid,utility,utility,none,0,0,,cov_coalition_game,6,,1;4,4,,{},"{""4"": 4847}",0,39.47497219132369,10,40.0,60.0,,,,,2,ns3,899,0.5,10,12,28,1,1,[39.47497219132369],[604256],,,14,29,
2026_07_15_01_26_56,000080,13,all-cluster-heads,C:\Workspace\OpenCDA\docs\doc_workspace\SGCP\artifacts\early_from_late_checkpoint_20260719\enable_coperception_early_from_attentive.yaml,fullperception_pcs,grid,utility,utility,none,0,0,,cov_coalition_game,6,,13,13,,{},"{""13"": 4772}",0,39.47497219132369,10,40.0,60.0,,,,,2,ns3,899,0.5,10,12,28,1,1,[39.47497219132369],[604256],,,3,10,
2026_07_15_01_26_56,000080,15,all-cluster-heads,C:\Workspace\OpenCDA\docs\doc_workspace\SGCP\artifacts\early_from_late_checkpoint_20260719\enable_coperception_early_from_attentive.yaml,fullperception_pcs,grid,utility,utility,none,0,0,,cov_coalition_game,6,,6;15,15,,{},"{""15"": 4751}",0,39.47497219132369,10,40.0,60.0,,,,,2,ns3,899,0.5,10,12,28,1,1,[39.47497219132369],[604256],,,12,8,
2026_07_15_01_26_56,000080,16,all-cluster-heads,C:\Workspace\OpenCDA\docs\doc_workspace\SGCP\artifacts\early_from_late_checkpoint_20260719\enable_coperception_early_from_attentive.yaml,fullperception_pcs,grid,utility,utility,none,0,0,,cov_coalition_game,6,,9;16,16,,{},"{""16"": 4897}",0,39.47497219132369,10,40.0,60.0,,,,,2,ns3,899,0.5,10,12,28,1,1,[39.47497219132369],[604256],,,14,22,
2026_07_15_01_26_56,000080,17,all-cluster-heads,C:\Workspace\OpenCDA\docs\doc_workspace\SGCP\artifacts\early_from_late_checkpoint_20260719\enable_coperception_early_from_attentive.yaml,fullperception_pcs,grid,utility,utility,none,0,0,,cov_coalition_game,6,,17,17,,{},"{""17"": 4990}",0,39.47497219132369,10,40.0,60.0,,,,,2,ns3,899,0.5,10,12,28,1,1,[39.47497219132369],[604256],,,9,11,
2026_07_15_01_26_56,000082,1,all-cluster-heads,C:\Workspace\OpenCDA\docs\doc_workspace\SGCP\artifacts\early_from_late_checkpoint_20260719\enable_coperception_early_from_attentive.yaml,fullperception_pcs,grid,utility,utility,none,0,0,,cov_coalition_game,6,,1;4,1;4,4,"{""4"": 34}","{""1"": 4932, ""4"": 3482}",55712,40.39154616240267,10,40.0,60.0,,,,,2,ns3,899,0.5,10,12,28,1,1,[40.39154616240267],[611920],4>1:7,,21,33,
2026_07_15_01_26_56,000082,12,all-cluster-heads,C:\Workspace\OpenCDA\docs\doc_workspace\SGCP\artifacts\early_from_late_checkpoint_20260719\enable_coperception_early_from_attentive.yaml,fullperception_pcs,grid,utility,utility,none,0,0,,cov_coalition_game,6,,8;12,12,,{},"{""12"": 4915}",0,40.39154616240267,10,40.0,60.0,,,,,2,ns3,899,0.5,10,12,28,1,1,[40.39154616240267],[611920],,,6,19,
2026_07_15_01_26_56,000082,13,all-cluster-heads,C:\Workspace\OpenCDA\docs\doc_workspace\SGCP\artifacts\early_from_late_checkpoint_20260719\enable_coperception_early_from_attentive.yaml,fullperception_pcs,grid,utility,utility,none,0,0,,cov_coalition_game,6,,13,13,,{},"{""13"": 4801}",0,40.39154616240267,10,40.0,60.0,,,,,2,ns3,899,0.5,10,12,28,1,1,[40.39154616240267],[611920],,,2,10,
2026_07_15_01_26_56,000082,15,all-cluster-heads,C:\Workspace\OpenCDA\docs\doc_workspace\SGCP\artifacts\early_from_late_checkpoint_20260719\enable_coperception_early_from_attentive.yaml,fullperception_pcs,grid,utility,utility,none,0,0,,cov_coalition_game,6,,6;15,15,,{},"{""15"": 4758}",0,40.39154616240267,10,40.0,60.0,,,,,2,ns3,899,0.5,10,12,28,1,1,[40.39154616240267],[611920],,,13,8,
2026_07_15_01_26_56,000082,17,all-cluster-heads,C:\Workspace\OpenCDA\docs\doc_workspace\SGCP\artifacts\early_from_late_checkpoint_20260719\enable_coperception_early_from_attentive.yaml,fullperception_pcs,grid,utility,utility,none,0,0,,cov_coalition_game,6,,3;17,17,,{},"{""17"": 4970}",0,40.39154616240267,10,40.0,60.0,,,,,2,ns3,899,0.5,10,12,28,1,1,[40.39154616240267],[611920],,,10,11,
2026_07_15_01_26_56,000082,20,all-cluster-heads,C:\Workspace\OpenCDA\docs\doc_workspace\SGCP\artifacts\early_from_late_checkpoint_20260719\enable_coperception_early_from_attentive.yaml,fullperception_pcs,grid,utility,utility,none,0,0,,cov_coalition_game,6,,19;20,20,,{},"{""20"": 4906}",0,40.39154616240267,10,40.0,60.0,,,,,2,ns3,899,0.5,10,12,28,1,1,[40.39154616240267],[611920],,,19,19,
2026_07_15_01_26_56,000084,1,all-cluster-heads,C:\Workspace\OpenCDA\docs\doc_workspace\SGCP\artifacts\early_from_late_checkpoint_20260719\enable_coperception_early_from_attentive.yaml,fullperception_pcs,grid,utility,utility,none,0,0,,cov_coalition_game,6,,1;4,1;4,4,"{""4"": 34}","{""1"": 4932, ""4"": 3483}",55728,40.99666295884316,10,40.0,60.0,,,,,2,ns3,899,0.5,10,12,28,1,1,[40.99666295884316],[633680],4>1:7,,20,34,
2026_07_15_01_26_56,000084,12,all-cluster-heads,C:\Workspace\OpenCDA\docs\doc_workspace\SGCP\artifacts\early_from_late_checkpoint_20260719\enable_coperception_early_from_attentive.yaml,fullperception_pcs,grid,utility,utility,none,0,0,,cov_coalition_game,6,,8;12,12,,{},"{""12"": 4926}",0,40.99666295884316,10,40.0,60.0,,,,,2,ns3,899,0.5,10,12,28,1,1,[40.99666295884316],[633680],,,8,15,
2026_07_15_01_26_56,000084,13,all-cluster-heads,C:\Workspace\OpenCDA\docs\doc_workspace\SGCP\artifacts\early_from_late_checkpoint_20260719\enable_coperception_early_from_attentive.yaml,fullperception_pcs,grid,utility,utility,none,0,0,,cov_coalition_game,6,,5;13,13,,{},"{""13"": 4788}",0,40.99666295884316,10,40.0,60.0,,,,,2,ns3,899,0.5,10,12,28,1,1,[40.99666295884316],[633680],,,3,10,
2026_07_15_01_26_56,000084,15,all-cluster-heads,C:\Workspace\OpenCDA\docs\doc_workspace\SGCP\artifacts\early_from_late_checkpoint_20260719\enable_coperception_early_from_attentive.yaml,fullperception_pcs,grid,utility,utility,none,0,0,,cov_coalition_game,6,,6;15,15,,{},"{""15"": 4766}",0,40.99666295884316,10,40.0,60.0,,,,,2,ns3,899,0.5,10,12,28,1,1,[40.99666295884316],[633680],,,13,8,
2026_07_15_01_26_56,000084,17,all-cluster-heads,C:\Workspace\OpenCDA\docs\doc_workspace\SGCP\artifacts\early_from_late_checkpoint_20260719\enable_coperception_early_from_attentive.yaml,fullperception_pcs,grid,utility,utility,none,0,0,,cov_coalition_game,6,,16;17,17,,{},"{""17"": 4976}",0,40.99666295884316,10,40.0,60.0,,,,,2,ns3,899,0.5,10,12,28,1,1,[40.99666295884316],[633680],,,10,9,
2026_07_15_01_26_56,000084,20,all-cluster-heads,C:\Workspace\OpenCDA\docs\doc_workspace\SGCP\artifacts\early_from_late_checkpoint_20260719\enable_coperception_early_from_attentive.yaml,fullperception_pcs,grid,utility,utility,none,0,0,,cov_coalition_game,6,,19;20,20,,{},"{""20"": 4904}",0,40.99666295884316,10,40.0,60.0,,,,,2,ns3,899,0.5,10,12,28,1,1,[40.99666295884316],[633680],,,19,19,
2026_07_15_01_26_56,000086,1,all-cluster-heads,C:\Workspace\OpenCDA\docs\doc_workspace\SGCP\artifacts\early_from_late_checkpoint_20260719\enable_coperception_early_from_attentive.yaml,fullperception_pcs,grid,utility,utility,none,0,0,,cov_coalition_game,6,,1;4,1;4,4,"{""4"": 35}","{""1"": 4932, ""4"": 3483}",55728,40.275862068965516,10,40.0,60.0,,,,,2,ns3,899,0.5,10,12,28,1,1,[40.275862068965516],[583264],4>1:7,,23,33,
2026_07_15_01_26_56,000086,12,all-cluster-heads,C:\Workspace\OpenCDA\docs\doc_workspace\SGCP\artifacts\early_from_late_checkpoint_20260719\enable_coperception_early_from_attentive.yaml,fullperception_pcs,grid,utility,utility,none,0,0,,cov_coalition_game,6,,8;12,12,,{},"{""12"": 4938}",0,40.275862068965516,10,40.0,60.0,,,,,2,ns3,899,0.5,10,12,28,1,1,[40.275862068965516],[583264],,,8,16,
2026_07_15_01_26_56,000086,13,all-cluster-heads,C:\Workspace\OpenCDA\docs\doc_workspace\SGCP\artifacts\early_from_late_checkpoint_20260719\enable_coperception_early_from_attentive.yaml,fullperception_pcs,grid,utility,utility,none,0,0,,cov_coalition_game,6,,13;19,13,,{},"{""13"": 4773}",0,40.275862068965516,10,40.0,60.0,,,,,2,ns3,899,0.5,10,12,28,1,1,[40.275862068965516],[583264],,,2,10,
2026_07_15_01_26_56,000086,15,all-cluster-heads,C:\Workspace\OpenCDA\docs\doc_workspace\SGCP\artifacts\early_from_late_checkpoint_20260719\enable_coperception_early_from_attentive.yaml,fullperception_pcs,grid,utility,utility,none,0,0,,cov_coalition_game,6,,6;15,15,,{},"{""15"": 4762}",0,40.275862068965516,10,40.0,60.0,,,,,2,ns3,899,0.5,10,12,28,1,1,[40.275862068965516],[583264],,,14,8,
2026_07_15_01_26_56,000086,17,all-cluster-heads,C:\Workspace\OpenCDA\docs\doc_workspace\SGCP\artifacts\early_from_late_checkpoint_20260719\enable_coperception_early_from_attentive.yaml,fullperception_pcs,grid,utility,utility,none,0,0,,cov_coalition_game,6,,16;17,17,,{},"{""17"": 4971}",0,40.275862068965516,10,40.0,60.0,,,,,2,ns3,899,0.5,10,12,28,1,1,[40.275862068965516],[583264],,,10,9,
2026_07_15_01_26_56,000086,20,all-cluster-heads,C:\Workspace\OpenCDA\docs\doc_workspace\SGCP\artifacts\early_from_late_checkpoint_20260719\enable_coperception_early_from_attentive.yaml,fullperception_pcs,grid,utility,utility,none,0,0,,cov_coalition_game,6,,20,20,,{},"{""20"": 4905}",0,40.275862068965516,10,40.0,60.0,,,,,2,ns3,899,0.5,10,12,28,1,1,[40.275862068965516],[583264],,,18,19,
2026_07_15_01_26_56,000088,1,all-cluster-heads,C:\Workspace\OpenCDA\docs\doc_workspace\SGCP\artifacts\early_from_late_checkpoint_20260719\enable_coperception_early_from_attentive.yaml,fullperception_pcs,grid,utility,utility,none,0,0,,cov_coalition_game,6,,1;4,1;4,4,"{""4"": 35}","{""1"": 4930, ""4"": 3484}",55744,40.81868743047831,10,40.0,60.0,,,,,2,ns3,899,0.5,10,12,28,1,1,[40.81868743047831],[627952],4>1:7,,20,33,
2026_07_15_01_26_56,000088,12,all-cluster-heads,C:\Workspace\OpenCDA\docs\doc_workspace\SGCP\artifacts\early_from_late_checkpoint_20260719\enable_coperception_early_from_attentive.yaml,fullperception_pcs,grid,utility,utility,none,0,0,,cov_coalition_game,6,,8;12,12,,{},"{""12"": 4937}",0,40.81868743047831,10,40.0,60.0,,,,,2,ns3,899,0.5,10,12,28,1,1,[40.81868743047831],[627952],,,9,16,
2026_07_15_01_26_56,000088,13,all-cluster-heads,C:\Workspace\OpenCDA\docs\doc_workspace\SGCP\artifacts\early_from_late_checkpoint_20260719\enable_coperception_early_from_attentive.yaml,fullperception_pcs,grid,utility,utility,none,0,0,,cov_coalition_game,6,,5;13,13,,{},"{""13"": 4764}",0,40.81868743047831,10,40.0,60.0,,,,,2,ns3,899,0.5,10,12,28,1,1,[40.81868743047831],[627952],,,1,10,
2026_07_15_01_26_56,000088,15,all-cluster-heads,C:\Workspace\OpenCDA\docs\doc_workspace\SGCP\artifacts\early_from_late_checkpoint_20260719\enable_coperception_early_from_attentive.yaml,fullperception_pcs,grid,utility,utility,none,0,0,,cov_coalition_game,6,,6;15,15,,{},"{""15"": 4772}",0,40.81868743047831,10,40.0,60.0,,,,,2,ns3,899,0.5,10,12,28,1,1,[40.81868743047831],[627952],,,14,8,
2026_07_15_01_26_56,000088,17,all-cluster-heads,C:\Workspace\OpenCDA\docs\doc_workspace\SGCP\artifacts\early_from_late_checkpoint_20260719\enable_coperception_early_from_attentive.yaml,fullperception_pcs,grid,utility,utility,none,0,0,,cov_coalition_game,6,,16;17,17,,{},"{""17"": 4985}",0,40.81868743047831,10,40.0,60.0,,,,,2,ns3,899,0.5,10,12,28,1,1,[40.81868743047831],[627952],,,11,9,
2026_07_15_01_26_56,000088,20,all-cluster-heads,C:\Workspace\OpenCDA\docs\doc_workspace\SGCP\artifacts\early_from_late_checkpoint_20260719\enable_coperception_early_from_attentive.yaml,fullperception_pcs,grid,utility,utility,none,0,0,,cov_coalition_game,6,,19;20,20,,{},"{""20"": 4903}",0,40.81868743047831,10,40.0,60.0,,,,,2,ns3,899,0.5,10,12,28,1,1,[40.81868743047831],[627952],,,19,20,
2026_07_15_01_26_56,000090,1,all-cluster-heads,C:\Workspace\OpenCDA\docs\doc_workspace\SGCP\artifacts\early_from_late_checkpoint_20260719\enable_coperception_early_from_attentive.yaml,fullperception_pcs,grid,utility,utility,none,0,0,,cov_coalition_game,6,,1;4,1;4,4,"{""4"": 35}","{""1"": 4930, ""4"": 3483}",55728,40.827586206896555,10,40.0,60.0,,,,,2,ns3,899,0.5,10,12,28,1,1,[40.827586206896555],[625296],4>1:7,,20,34,
2026_07_15_01_26_56,000090,12,all-cluster-heads,C:\Workspace\OpenCDA\docs\doc_workspace\SGCP\artifacts\early_from_late_checkpoint_20260719\enable_coperception_early_from_attentive.yaml,fullperception_pcs,grid,utility,utility,none,0,0,,cov_coalition_game,6,,8;12,12,,{},"{""12"": 4954}",0,40.827586206896555,10,40.0,60.0,,,,,2,ns3,899,0.5,10,12,28,1,1,[40.827586206896555],[625296],,,8,15,
2026_07_15_01_26_56,000090,13,all-cluster-heads,C:\Workspace\OpenCDA\docs\doc_workspace\SGCP\artifacts\early_from_late_checkpoint_20260719\enable_coperception_early_from_attentive.yaml,fullperception_pcs,grid,utility,utility,none,0,0,,cov_coalition_game,6,,5;13,13,,{},"{""13"": 4769}",0,40.827586206896555,10,40.0,60.0,,,,,2,ns3,899,0.5,10,12,28,1,1,[40.827586206896555],[625296],,,1,10,
2026_07_15_01_26_56,000090,15,all-cluster-heads,C:\Workspace\OpenCDA\docs\doc_workspace\SGCP\artifacts\early_from_late_checkpoint_20260719\enable_coperception_early_from_attentive.yaml,fullperception_pcs,grid,utility,utility,none,0,0,,cov_coalition_game,6,,6;15,15,,{},"{""15"": 4768}",0,40.827586206896555,10,40.0,60.0,,,,,2,ns3,899,0.5,10,12,28,1,1,[40.827586206896555],[625296],,,13,8,
2026_07_15_01_26_56,000090,17,all-cluster-heads,C:\Workspace\OpenCDA\docs\doc_workspace\SGCP\artifacts\early_from_late_checkpoint_20260719\enable_coperception_early_from_attentive.yaml,fullperception_pcs,grid,utility,utility,none,0,0,,cov_coalition_game,6,,16;17,17,,{},"{""17"": 5007}",0,40.827586206896555,10,40.0,60.0,,,,,2,ns3,899,0.5,10,12,28,1,1,[40.827586206896555],[625296],,,10,10,
2026_07_15_01_26_56,000090,20,all-cluster-heads,C:\Workspace\OpenCDA\docs\doc_workspace\SGCP\artifacts\early_from_late_checkpoint_20260719\enable_coperception_early_from_attentive.yaml,fullperception_pcs,grid,utility,utility,none,0,0,,cov_coalition_game,6,,19;20,20,,{},"{""20"": 4905}",0,40.827586206896555,10,40.0,60.0,,,,,2,ns3,899,0.5,10,12,28,1,1,[40.827586206896555],[625296],,,19,20,
2026_07_15_01_26_56,000092,1,all-cluster-heads,C:\Workspace\OpenCDA\docs\doc_workspace\SGCP\artifacts\early_from_late_checkpoint_20260719\enable_coperception_early_from_attentive.yaml,fullperception_pcs,grid,utility,utility,none,0,0,,cov_coalition_game,6,,1;4,1;4,4,"{""4"": 35}","{""1"": 4928, ""4"": 3483}",55728,41.37931034482759,10,40.0,60.0,,,,,2,ns3,899,0.5,10,12,28,1,1,[41.37931034482759],[697664],4>1:7,,19,34,
2026_07_15_01_26_56,000092,12,all-cluster-heads,C:\Workspace\OpenCDA\docs\doc_workspace\SGCP\artifacts\early_from_late_checkpoint_20260719\enable_coperception_early_from_attentive.yaml,fullperception_pcs,grid,utility,utility,none,0,0,,cov_coalition_game,6,,8;12,12,,{},"{""12"": 4963}",0,41.37931034482759,10,40.0,60.0,,,,,2,ns3,899,0.5,10,12,28,1,1,[41.37931034482759],[697664],,,7,14,
2026_07_15_01_26_56,000092,13,all-cluster-heads,C:\Workspace\OpenCDA\docs\doc_workspace\SGCP\artifacts\early_from_late_checkpoint_20260719\enable_coperception_early_from_attentive.yaml,fullperception_pcs,grid,utility,utility,none,0,0,,cov_coalition_game,6,,5;13,13,,{},"{""13"": 4781}",0,41.37931034482759,10,40.0,60.0,,,,,2,ns3,899,0.5,10,12,28,1,1,[41.37931034482759],[697664],,,0,10,
2026_07_15_01_26_56,000092,15,all-cluster-heads,C:\Workspace\OpenCDA\docs\doc_workspace\SGCP\artifacts\early_from_late_checkpoint_20260719\enable_coperception_early_from_attentive.yaml,fullperception_pcs,grid,utility,utility,none,0,0,,cov_coalition_game,6,,6;15,15,,{},"{""15"": 4770}",0,41.37931034482759,10,40.0,60.0,,,,,2,ns3,899,0.5,10,12,28,1,1,[41.37931034482759],[697664],,,13,8,
2026_07_15_01_26_56,000092,17,all-cluster-heads,C:\Workspace\OpenCDA\docs\doc_workspace\SGCP\artifacts\early_from_late_checkpoint_20260719\enable_coperception_early_from_attentive.yaml,fullperception_pcs,grid,utility,utility,none,0,0,,cov_coalition_game,6,,3;17,17,,{},"{""17"": 5000}",0,41.37931034482759,10,40.0,60.0,,,,,2,ns3,899,0.5,10,12,28,1,1,[41.37931034482759],[697664],,,11,10,
2026_07_15_01_26_56,000092,20,all-cluster-heads,C:\Workspace\OpenCDA\docs\doc_workspace\SGCP\artifacts\early_from_late_checkpoint_20260719\enable_coperception_early_from_attentive.yaml,fullperception_pcs,grid,utility,utility,none,0,0,,cov_coalition_game,6,,19;20,20,,{},"{""20"": 4905}",0,41.37931034482759,10,40.0,60.0,,,,,2,ns3,899,0.5,10,12,28,1,1,[41.37931034482759],[697664],,,21,20,
2026_07_15_01_26_56,000094,1,all-cluster-heads,C:\Workspace\OpenCDA\docs\doc_workspace\SGCP\artifacts\early_from_late_checkpoint_20260719\enable_coperception_early_from_attentive.yaml,fullperception_pcs,grid,utility,utility,none,0,0,,cov_coalition_game,6,,1;4,1;4,4,"{""4"": 35}","{""1"": 4929, ""4"": 3483}",55728,41.20133481646274,10,40.0,60.0,,,,,2,ns3,899,0.5,10,12,28,1,1,[41.20133481646274],[653936],4>1:7,,22,34,
2026_07_15_01_26_56,000094,12,all-cluster-heads,C:\Workspace\OpenCDA\docs\doc_workspace\SGCP\artifacts\early_from_late_checkpoint_20260719\enable_coperception_early_from_attentive.yaml,fullperception_pcs,grid,utility,utility,none,0,0,,cov_coalition_game,6,,8;12,12,,{},"{""12"": 4976}",0,41.20133481646274,10,40.0,60.0,,,,,2,ns3,899,0.5,10,12,28,1,1,[41.20133481646274],[653936],,,8,17,
2026_07_15_01_26_56,000094,13,all-cluster-heads,C:\Workspace\OpenCDA\docs\doc_workspace\SGCP\artifacts\early_from_late_checkpoint_20260719\enable_coperception_early_from_attentive.yaml,fullperception_pcs,grid,utility,utility,none,0,0,,cov_coalition_game,6,,13;19,13,,{},"{""13"": 4805}",0,41.20133481646274,10,40.0,60.0,,,,,2,ns3,899,0.5,10,12,28,1,1,[41.20133481646274],[653936],,,0,10,
2026_07_15_01_26_56,000094,15,all-cluster-heads,C:\Workspace\OpenCDA\docs\doc_workspace\SGCP\artifacts\early_from_late_checkpoint_20260719\enable_coperception_early_from_attentive.yaml,fullperception_pcs,grid,utility,utility,none,0,0,,cov_coalition_game,6,,6;15,15,,{},"{""15"": 4772}",0,41.20133481646274,10,40.0,60.0,,,,,2,ns3,899,0.5,10,12,28,1,1,[41.20133481646274],[653936],,,13,9,
2026_07_15_01_26_56,000094,17,all-cluster-heads,C:\Workspace\OpenCDA\docs\doc_workspace\SGCP\artifacts\early_from_late_checkpoint_20260719\enable_coperception_early_from_attentive.yaml,fullperception_pcs,grid,utility,utility,none,0,0,,cov_coalition_game,6,,3;17,17,,{},"{""17"": 4995}",0,41.20133481646274,10,40.0,60.0,,,,,2,ns3,899,0.5,10,12,28,1,1,[41.20133481646274],[653936],,,12,11,
2026_07_15_01_26_56,000094,20,all-cluster-heads,C:\Workspace\OpenCDA\docs\doc_workspace\SGCP\artifacts\early_from_late_checkpoint_20260719\enable_coperception_early_from_attentive.yaml,fullperception_pcs,grid,utility,utility,none,0,0,,cov_coalition_game,6,,20,20,,{},"{""20"": 4905}",0,41.20133481646274,10,40.0,60.0,,,,,2,ns3,899,0.5,10,12,28,1,1,[41.20133481646274],[653936],,,20,20,
2026_07_15_01_26_56,000096,1,all-cluster-heads,C:\Workspace\OpenCDA\docs\doc_workspace\SGCP\artifacts\early_from_late_checkpoint_20260719\enable_coperception_early_from_attentive.yaml,fullperception_pcs,grid,utility,utility,none,0,0,,cov_coalition_game,6,,1;4,1;4,4,"{""4"": 35}","{""1"": 4928, ""4"": 3484}",55744,41.20133481646274,10,40.0,60.0,,,,,2,ns3,899,0.5,10,12,28,1,1,[41.20133481646274],[646960],4>1:7,,21,34,
2026_07_15_01_26_56,000096,12,all-cluster-heads,C:\Workspace\OpenCDA\docs\doc_workspace\SGCP\artifacts\early_from_late_checkpoint_20260719\enable_coperception_early_from_attentive.yaml,fullperception_pcs,grid,utility,utility,none,0,0,,cov_coalition_game,6,,8;12,12,,{},"{""12"": 4975}",0,41.20133481646274,10,40.0,60.0,,,,,2,ns3,899,0.5,10,12,28,1,1,[41.20133481646274],[646960],,,5,14,
2026_07_15_01_26_56,000096,13,all-cluster-heads,C:\Workspace\OpenCDA\docs\doc_workspace\SGCP\artifacts\early_from_late_checkpoint_20260719\enable_coperception_early_from_attentive.yaml,fullperception_pcs,grid,utility,utility,none,0,0,,cov_coalition_game,6,,13;19,13,,{},"{""13"": 4751}",0,41.20133481646274,10,40.0,60.0,,,,,2,ns3,899,0.5,10,12,28,1,1,[41.20133481646274],[646960],,,1,10,
2026_07_15_01_26_56,000096,15,all-cluster-heads,C:\Workspace\OpenCDA\docs\doc_workspace\SGCP\artifacts\early_from_late_checkpoint_20260719\enable_coperception_early_from_attentive.yaml,fullperception_pcs,grid,utility,utility,none,0,0,,cov_coalition_game,6,,2;6;15,15;6;2,6;2,"{""2"": 13, ""6"": 21}","{""2"": 3241, ""6"": 4128, ""15"": 4777}",117904,41.20133481646274,10,40.0,60.0,,,,,2,ns3,899,0.5,10,12,28,1,1,[41.20133481646274],[646960],2>15:1;6>15:0,,24,33,
2026_07_15_01_26_56,000096,17,all-cluster-heads,C:\Workspace\OpenCDA\docs\doc_workspace\SGCP\artifacts\early_from_late_checkpoint_20260719\enable_coperception_early_from_attentive.yaml,fullperception_pcs,grid,utility,utility,none,0,0,,cov_coalition_game,6,,3;17,17,,{},"{""17"": 4995}",0,41.20133481646274,10,40.0,60.0,,,,,2,ns3,899,0.5,10,12,28,1,1,[41.20133481646274],[646960],,,12,11,
2026_07_15_01_26_56,000096,20,all-cluster-heads,C:\Workspace\OpenCDA\docs\doc_workspace\SGCP\artifacts\early_from_late_checkpoint_20260719\enable_coperception_early_from_attentive.yaml,fullperception_pcs,grid,utility,utility,none,0,0,,cov_coalition_game,6,,20,20,,{},"{""20"": 4902}",0,41.20133481646274,10,40.0,60.0,,,,,2,ns3,899,0.5,10,12,28,1,1,[41.20133481646274],[646960],,,20,20,
2026_07_15_01_26_56,000098,1,all-cluster-heads,C:\Workspace\OpenCDA\docs\doc_workspace\SGCP\artifacts\early_from_late_checkpoint_20260719\enable_coperception_early_from_attentive.yaml,fullperception_pcs,grid,utility,utility,none,0,0,,cov_coalition_game,6,,1;4,1;4,4,"{""4"": 35}","{""1"": 4927, ""4"": 3484}",55744,39.75973303670745,10,40.0,60.0,,,,,2,ns3,899,0.5,10,12,28,1,1,[39.75973303670745],[523568],4>1:6,,22,33,
2026_07_15_01_26_56,000098,12,all-cluster-heads,C:\Workspace\OpenCDA\docs\doc_workspace\SGCP\artifacts\early_from_late_checkpoint_20260719\enable_coperception_early_from_attentive.yaml,fullperception_pcs,grid,utility,utility,none,0,0,,cov_coalition_game,6,,8;12,12,,{},"{""12"": 4968}",0,39.75973303670745,10,40.0,60.0,,,,,2,ns3,899,0.5,10,12,28,1,1,[39.75973303670745],[523568],,,6,13,
2026_07_15_01_26_56,000098,13,all-cluster-heads,C:\Workspace\OpenCDA\docs\doc_workspace\SGCP\artifacts\early_from_late_checkpoint_20260719\enable_coperception_early_from_attentive.yaml,fullperception_pcs,grid,utility,utility,none,0,0,,cov_coalition_game,6,,13;19,13,,{},"{""13"": 4779}",0,39.75973303670745,10,40.0,60.0,,,,,2,ns3,899,0.5,10,12,28,1,1,[39.75973303670745],[523568],,,0,10,
2026_07_15_01_26_56,000098,15,all-cluster-heads,C:\Workspace\OpenCDA\docs\doc_workspace\SGCP\artifacts\early_from_late_checkpoint_20260719\enable_coperception_early_from_attentive.yaml,fullperception_pcs,grid,utility,utility,none,0,0,,cov_coalition_game,6,,2;6;15,15;6;2,6;2,"{""2"": 13, ""6"": 21}","{""2"": 3246, ""6"": 4135, ""15"": 4783}",118096,39.75973303670745,10,40.0,60.0,,,,,2,ns3,899,0.5,10,12,28,1,1,[39.75973303670745],[523568],2>15:1;6>15:0,,23,33,
2026_07_15_01_26_56,000098,17,all-cluster-heads,C:\Workspace\OpenCDA\docs\doc_workspace\SGCP\artifacts\early_from_late_checkpoint_20260719\enable_coperception_early_from_attentive.yaml,fullperception_pcs,grid,utility,utility,none,0,0,,cov_coalition_game,6,,16;17,17,,{},"{""17"": 4986}",0,39.75973303670745,10,40.0,60.0,,,,,2,ns3,899,0.5,10,12,28,1,1,[39.75973303670745],[523568],,,10,11,
2026_07_15_01_26_56,000098,20,all-cluster-heads,C:\Workspace\OpenCDA\docs\doc_workspace\SGCP\artifacts\early_from_late_checkpoint_20260719\enable_coperception_early_from_attentive.yaml,fullperception_pcs,grid,utility,utility,none,0,0,,cov_coalition_game,6,,20,20,,{},"{""20"": 4903}",0,39.75973303670745,10,40.0,60.0,,,,,2,ns3,899,0.5,10,12,28,1,1,[39.75973303670745],[523568],,,20,20,
2026_07_15_01_26_56,000100,1,all-cluster-heads,C:\Workspace\OpenCDA\docs\doc_workspace\SGCP\artifacts\early_from_late_checkpoint_20260719\enable_coperception_early_from_attentive.yaml,fullperception_pcs,grid,utility,utility,none,0,0,,cov_coalition_game,6,,1;4,1;4,4,"{""4"": 35}","{""1"": 4928, ""4"": 3484}",55744,41.3615127919911,10,40.0,60.0,,,,,2,ns3,899,0.5,10,12,28,1,1,[41.3615127919911],[662272],4>1:5,,23,33,
2026_07_15_01_26_56,000100,12,all-cluster-heads,C:\Workspace\OpenCDA\docs\doc_workspace\SGCP\artifacts\early_from_late_checkpoint_20260719\enable_coperception_early_from_attentive.yaml,fullperception_pcs,grid,utility,utility,none,0,0,,cov_coalition_game,6,,8;12,12,,{},"{""12"": 4970}",0,41.3615127919911,10,40.0,60.0,,,,,2,ns3,899,0.5,10,12,28,1,1,[41.3615127919911],[662272],,,8,12,
2026_07_15_01_26_56,000100,13,all-cluster-heads,C:\Workspace\OpenCDA\docs\doc_workspace\SGCP\artifacts\early_from_late_checkpoint_20260719\enable_coperception_early_from_attentive.yaml,fullperception_pcs,grid,utility,utility,none,0,0,,cov_coalition_game,6,,13;19,13,,{},"{""13"": 4758}",0,41.3615127919911,10,40.0,60.0,,,,,2,ns3,899,0.5,10,12,28,1,1,[41.3615127919911],[662272],,,0,10,
2026_07_15_01_26_56,000100,15,all-cluster-heads,C:\Workspace\OpenCDA\docs\doc_workspace\SGCP\artifacts\early_from_late_checkpoint_20260719\enable_coperception_early_from_attentive.yaml,fullperception_pcs,grid,utility,utility,none,0,0,,cov_coalition_game,6,,2;6;15,15;6;2,6;2,"{""2"": 13, ""6"": 21}","{""2"": 3252, ""6"": 4123, ""15"": 4775}",118000,41.3615127919911,10,40.0,60.0,,,,,2,ns3,899,0.5,10,12,28,1,1,[41.3615127919911],[662272],2>15:1;6>15:0,,23,33,
2026_07_15_01_26_56,000100,17,all-cluster-heads,C:\Workspace\OpenCDA\docs\doc_workspace\SGCP\artifacts\early_from_late_checkpoint_20260719\enable_coperception_early_from_attentive.yaml,fullperception_pcs,grid,utility,utility,none,0,0,,cov_coalition_game,6,,3;17,17,,{},"{""17"": 4995}",0,41.3615127919911,10,40.0,60.0,,,,,2,ns3,899,0.5,10,12,28,1,1,[41.3615127919911],[662272],,,11,11,
2026_07_15_01_26_56,000100,20,all-cluster-heads,C:\Workspace\OpenCDA\docs\doc_workspace\SGCP\artifacts\early_from_late_checkpoint_20260719\enable_coperception_early_from_attentive.yaml,fullperception_pcs,grid,utility,utility,none,0,0,,cov_coalition_game,6,,20,20,,{},"{""20"": 4903}",0,41.3615127919911,10,40.0,60.0,,,,,2,ns3,899,0.5,10,12,28,1,1,[41.3615127919911],[662272],,,22,19,
2026_07_15_01_26_56,000102,1,all-cluster-heads,C:\Workspace\OpenCDA\docs\doc_workspace\SGCP\artifacts\early_from_late_checkpoint_20260719\enable_coperception_early_from_attentive.yaml,fullperception_pcs,grid,utility,utility,none,0,0,,cov_coalition_game,6,,1;4,1;4,4,"{""4"": 35}","{""1"": 4929, ""4"": 3485}",55760,41.47719688542825,10,40.0,60.0,,,,,2,ns3,899,0.5,10,12,28,1,1,[41.47719688542825],[660960],4>1:6,,21,33,
2026_07_15_01_26_56,000102,12,all-cluster-heads,C:\Workspace\OpenCDA\docs\doc_workspace\SGCP\artifacts\early_from_late_checkpoint_20260719\enable_coperception_early_from_attentive.yaml,fullperception_pcs,grid,utility,utility,none,0,0,,cov_coalition_game,6,,8;12,12,,{},"{""12"": 4965}",0,41.47719688542825,10,40.0,60.0,,,,,2,ns3,899,0.5,10,12,28,1,1,[41.47719688542825],[660960],,,6,11,
2026_07_15_01_26_56,000102,13,all-cluster-heads,C:\Workspace\OpenCDA\docs\doc_workspace\SGCP\artifacts\early_from_late_checkpoint_20260719\enable_coperception_early_from_attentive.yaml,fullperception_pcs,grid,utility,utility,none,0,0,,cov_coalition_game,6,,13;19,13,,{},"{""13"": 4787}",0,41.47719688542825,10,40.0,60.0,,,,,2,ns3,899,0.5,10,12,28,1,1,[41.47719688542825],[660960],,,0,8,
2026_07_15_01_26_56,000102,15,all-cluster-heads,C:\Workspace\OpenCDA\docs\doc_workspace\SGCP\artifacts\early_from_late_checkpoint_20260719\enable_coperception_early_from_attentive.yaml,fullperception_pcs,grid,utility,utility,none,0,0,,cov_coalition_game,6,,2;6;15,15;6;2,6;2,"{""2"": 13, ""6"": 23}","{""2"": 3253, ""6"": 4118, ""15"": 4798}",117936,41.47719688542825,10,40.0,60.0,,,,,2,ns3,899,0.5,10,12,28,1,1,[41.47719688542825],[660960],2>15:2;6>15:0,,25,34,
2026_07_15_01_26_56,000102,17,all-cluster-heads,C:\Workspace\OpenCDA\docs\doc_workspace\SGCP\artifacts\early_from_late_checkpoint_20260719\enable_coperception_early_from_attentive.yaml,fullperception_pcs,grid,utility,utility,none,0,0,,cov_coalition_game,6,,3;17,17,,{},"{""17"": 4990}",0,41.47719688542825,10,40.0,60.0,,,,,2,ns3,899,0.5,10,12,28,1,1,[41.47719688542825],[660960],,,11,12,
2026_07_15_01_26_56,000102,20,all-cluster-heads,C:\Workspace\OpenCDA\docs\doc_workspace\SGCP\artifacts\early_from_late_checkpoint_20260719\enable_coperception_early_from_attentive.yaml,fullperception_pcs,grid,utility,utility,none,0,0,,cov_coalition_game,6,,20,20,,{},"{""20"": 4902}",0,41.47719688542825,10,40.0,60.0,,,,,2,ns3,899,0.5,10,12,28,1,1,[41.47719688542825],[660960],,,17,19,
2026_07_15_01_26_56,000104,1,all-cluster-heads,C:\Workspace\OpenCDA\docs\doc_workspace\SGCP\artifacts\early_from_late_checkpoint_20260719\enable_coperception_early_from_attentive.yaml,fullperception_pcs,grid,utility,utility,none,0,0,,cov_coalition_game,6,,1;4,1;4,4,"{""4"": 35}","{""1"": 4929, ""4"": 3486}",55776,40.84538375973304,10,40.0,60.0,,,,,2,ns3,899,0.5,10,12,28,1,1,[40.84538375973304],[593904],4>1:6,,22,33,
2026_07_15_01_26_56,000104,12,all-cluster-heads,C:\Workspace\OpenCDA\docs\doc_workspace\SGCP\artifacts\early_from_late_checkpoint_20260719\enable_coperception_early_from_attentive.yaml,fullperception_pcs,grid,utility,utility,none,0,0,,cov_coalition_game,6,,8;12,12;8,8,"{""8"": 35}","{""8"": 4590, ""12"": 4988}",73440,40.84538375973304,10,40.0,60.0,,,,,2,ns3,899,0.5,10,12,28,1,1,[40.84538375973304],[593904],8>12:2,,10,25,
2026_07_15_01_26_56,000104,13,all-cluster-heads,C:\Workspace\OpenCDA\docs\doc_workspace\SGCP\artifacts\early_from_late_checkpoint_20260719\enable_coperception_early_from_attentive.yaml,fullperception_pcs,grid,utility,utility,none,0,0,,cov_coalition_game,6,,13;19,13,,{},"{""13"": 4747}",0,40.84538375973304,10,40.0,60.0,,,,,2,ns3,899,0.5,10,12,28,1,1,[40.84538375973304],[593904],,,0,9,
2026_07_15_01_26_56,000104,15,all-cluster-heads,C:\Workspace\OpenCDA\docs\doc_workspace\SGCP\artifacts\early_from_late_checkpoint_20260719\enable_coperception_early_from_attentive.yaml,fullperception_pcs,grid,utility,utility,none,0,0,,cov_coalition_game,6,,2;6;15,15;6;2,6;2,"{""2"": 13, ""6"": 23}","{""2"": 3254, ""6"": 4127, ""15"": 4777}",118096,40.84538375973304,10,40.0,60.0,,,,,2,ns3,899,0.5,10,12,28,1,1,[40.84538375973304],[593904],2>15:1;6>15:0,,26,34,
2026_07_15_01_26_56,000104,17,all-cluster-heads,C:\Workspace\OpenCDA\docs\doc_workspace\SGCP\artifacts\early_from_late_checkpoint_20260719\enable_coperception_early_from_attentive.yaml,fullperception_pcs,grid,utility,utility,none,0,0,,cov_coalition_game,6,,17,17,,{},"{""17"": 4979}",0,40.84538375973304,10,40.0,60.0,,,,,2,ns3,899,0.5,10,12,28,1,1,[40.84538375973304],[593904],,,10,13,
2026_07_15_01_26_56,000104,20,all-cluster-heads,C:\Workspace\OpenCDA\docs\doc_workspace\SGCP\artifacts\early_from_late_checkpoint_20260719\enable_coperception_early_from_attentive.yaml,fullperception_pcs,grid,utility,utility,none,0,0,,cov_coalition_game,6,,20,20,,{},"{""20"": 4900}",0,40.84538375973304,10,40.0,60.0,,,,,2,ns3,899,0.5,10,12,28,1,1,[40.84538375973304],[593904],,,17,19,
2026_07_15_01_26_56,000106,1,all-cluster-heads,C:\Workspace\OpenCDA\docs\doc_workspace\SGCP\artifacts\early_from_late_checkpoint_20260719\enable_coperception_early_from_attentive.yaml,fullperception_pcs,grid,utility,utility,none,0,0,,cov_coalition_game,6,,1;4,1;4,4,"{""4"": 35}","{""1"": 4928, ""4"": 3489}",55824,42.4916573971079,10,40.0,60.0,,,,,2,ns3,899,0.5,10,12,28,1,1,[42.4916573971079],[681024],4>1:5,,22,33,
2026_07_15_01_26_56,000106,12,all-cluster-heads,C:\Workspace\OpenCDA\docs\doc_workspace\SGCP\artifacts\early_from_late_checkpoint_20260719\enable_coperception_early_from_attentive.yaml,fullperception_pcs,grid,utility,utility,none,0,0,,cov_coalition_game,6,,8;12,12;8,8,"{""8"": 35}","{""8"": 4589, ""12"": 4987}",73424,42.4916573971079,10,40.0,60.0,,,,,2,ns3,899,0.5,10,12,28,1,1,[42.4916573971079],[681024],8>12:2,,11,25,
2026_07_15_01_26_56,000106,13,all-cluster-heads,C:\Workspace\OpenCDA\docs\doc_workspace\SGCP\artifacts\early_from_late_checkpoint_20260719\enable_coperception_early_from_attentive.yaml,fullperception_pcs,grid,utility,utility,none,0,0,,cov_coalition_game,6,,13;19,13,,{},"{""13"": 4753}",0,42.4916573971079,10,40.0,60.0,,,,,2,ns3,899,0.5,10,12,28,1,1,[42.4916573971079],[681024],,,3,9,
2026_07_15_01_26_56,000106,15,all-cluster-heads,C:\Workspace\OpenCDA\docs\doc_workspace\SGCP\artifacts\early_from_late_checkpoint_20260719\enable_coperception_early_from_attentive.yaml,fullperception_pcs,grid,utility,utility,none,0,0,,cov_coalition_game,6,,2;6;15,15;6;2,6;2,"{""2"": 13, ""6"": 24}","{""2"": 3255, ""6"": 4111, ""15"": 4779}",117856,42.4916573971079,10,40.0,60.0,,,,,2,ns3,899,0.5,10,12,28,1,1,[42.4916573971079],[681024],2>15:1;6>15:0,,22,34,
2026_07_15_01_26_56,000106,17,all-cluster-heads,C:\Workspace\OpenCDA\docs\doc_workspace\SGCP\artifacts\early_from_late_checkpoint_20260719\enable_coperception_early_from_attentive.yaml,fullperception_pcs,grid,utility,utility,none,0,0,,cov_coalition_game,6,,7;17,17;7,7,"{""7"": 39}","{""7"": 4509, ""17"": 4994}",72144,42.4916573971079,10,40.0,60.0,,,,,2,ns3,899,0.5,10,12,28,1,1,[42.4916573971079],[681024],7>17:4,,16,16,
2026_07_15_01_26_56,000106,20,all-cluster-heads,C:\Workspace\OpenCDA\docs\doc_workspace\SGCP\artifacts\early_from_late_checkpoint_20260719\enable_coperception_early_from_attentive.yaml,fullperception_pcs,grid,utility,utility,none,0,0,,cov_coalition_game,6,,20,20,,{},"{""20"": 4900}",0,42.4916573971079,10,40.0,60.0,,,,,2,ns3,899,0.5,10,12,28,1,1,[42.4916573971079],[681024],,,16,19,
2026_07_15_01_26_56,000108,1,all-cluster-heads,C:\Workspace\OpenCDA\docs\doc_workspace\SGCP\artifacts\early_from_late_checkpoint_20260719\enable_coperception_early_from_attentive.yaml,fullperception_pcs,grid,utility,utility,none,0,0,,cov_coalition_game,6,,1;4,1;4,4,"{""4"": 35}","{""1"": 4928, ""4"": 3491}",55856,41.512791991101224,10,40.0,60.0,,,,,2,ns3,899,0.5,10,12,28,1,1,[41.512791991101224],[674288],4>1:6,,22,33,
2026_07_15_01_26_56,000108,12,all-cluster-heads,C:\Workspace\OpenCDA\docs\doc_workspace\SGCP\artifacts\early_from_late_checkpoint_20260719\enable_coperception_early_from_attentive.yaml,fullperception_pcs,grid,utility,utility,none,0,0,,cov_coalition_game,6,,8;12,12;8,8,"{""8"": 36}","{""8"": 4592, ""12"": 4997}",73472,41.512791991101224,10,40.0,60.0,,,,,2,ns3,899,0.5,10,12,28,1,1,[41.512791991101224],[674288],8>12:2,,14,28,
2026_07_15_01_26_56,000108,13,all-cluster-heads,C:\Workspace\OpenCDA\docs\doc_workspace\SGCP\artifacts\early_from_late_checkpoint_20260719\enable_coperception_early_from_attentive.yaml,fullperception_pcs,grid,utility,utility,none,0,0,,cov_coalition_game,6,,13;19,13,,{},"{""13"": 4757}",0,41.512791991101224,10,40.0,60.0,,,,,2,ns3,899,0.5,10,12,28,1,1,[41.512791991101224],[674288],,,0,9,
2026_07_15_01_26_56,000108,15,all-cluster-heads,C:\Workspace\OpenCDA\docs\doc_workspace\SGCP\artifacts\early_from_late_checkpoint_20260719\enable_coperception_early_from_attentive.yaml,fullperception_pcs,grid,utility,utility,none,0,0,,cov_coalition_game,6,,2;6;15,15;6;2,6;2,"{""2"": 13, ""6"": 24}","{""2"": 3258, ""6"": 4109, ""15"": 4792}",117872,41.512791991101224,10,40.0,60.0,,,,,2,ns3,899,0.5,10,12,28,1,1,[41.512791991101224],[674288],2>15:1;6>15:0,,24,35,
2026_07_15_01_26_56,000108,17,all-cluster-heads,C:\Workspace\OpenCDA\docs\doc_workspace\SGCP\artifacts\early_from_late_checkpoint_20260719\enable_coperception_early_from_attentive.yaml,fullperception_pcs,grid,utility,utility,none,0,0,,cov_coalition_game,6,,3;17,17,,{},"{""17"": 4998}",0,41.512791991101224,10,40.0,60.0,,,,,2,ns3,899,0.5,10,12,28,1,1,[41.512791991101224],[674288],,,11,12,
2026_07_15_01_26_56,000108,20,all-cluster-heads,C:\Workspace\OpenCDA\docs\doc_workspace\SGCP\artifacts\early_from_late_checkpoint_20260719\enable_coperception_early_from_attentive.yaml,fullperception_pcs,grid,utility,utility,none,0,0,,cov_coalition_game,6,,20,20,,{},"{""20"": 4899}",0,41.512791991101224,10,40.0,60.0,,,,,2,ns3,899,0.5,10,12,28,1,1,[41.512791991101224],[674288],,,16,19,
2026_07_15_01_26_56,000110,1,all-cluster-heads,C:\Workspace\OpenCDA\docs\doc_workspace\SGCP\artifacts\early_from_late_checkpoint_20260719\enable_coperception_early_from_attentive.yaml,fullperception_pcs,grid,utility,utility,none,0,0,,cov_coalition_game,6,,1;4,1;4,4,"{""4"": 35}","{""1"": 4928, ""4"": 3491}",55856,41.610678531701886,10,40.0,60.0,,,,,2,ns3,899,0.5,10,12,28,1,1,[41.610678531701886],[675616],4>1:5,,19,33,
2026_07_15_01_26_56,000110,12,all-cluster-heads,C:\Workspace\OpenCDA\docs\doc_workspace\SGCP\artifacts\early_from_late_checkpoint_20260719\enable_coperception_early_from_attentive.yaml,fullperception_pcs,grid,utility,utility,none,0,0,,cov_coalition_game,6,,8;12,12;8,8,"{""8"": 36}","{""8"": 4589, ""12"": 4997}",73424,41.610678531701886,10,40.0,60.0,,,,,2,ns3,899,0.5,10,12,28,1,1,[41.610678531701886],[675616],8>12:2,,11,28,
2026_07_15_01_26_56,000110,13,all-cluster-heads,C:\Workspace\OpenCDA\docs\doc_workspace\SGCP\artifacts\early_from_late_checkpoint_20260719\enable_coperception_early_from_attentive.yaml,fullperception_pcs,grid,utility,utility,none,0,0,,cov_coalition_game,6,,13;19,13,,{},"{""13"": 4738}",0,41.610678531701886,10,40.0,60.0,,,,,2,ns3,899,0.5,10,12,28,1,1,[41.610678531701886],[675616],,,0,9,
2026_07_15_01_26_56,000110,15,all-cluster-heads,C:\Workspace\OpenCDA\docs\doc_workspace\SGCP\artifacts\early_from_late_checkpoint_20260719\enable_coperception_early_from_attentive.yaml,fullperception_pcs,grid,utility,utility,none,0,0,,cov_coalition_game,6,,2;6;15,15;6;2,6;2,"{""2"": 13, ""6"": 23}","{""2"": 3258, ""6"": 4124, ""15"": 4814}",118112,41.610678531701886,10,40.0,60.0,,,,,2,ns3,899,0.5,10,12,28,1,1,[41.610678531701886],[675616],2>15:1;6>15:0,,24,35,
2026_07_15_01_26_56,000110,17,all-cluster-heads,C:\Workspace\OpenCDA\docs\doc_workspace\SGCP\artifacts\early_from_late_checkpoint_20260719\enable_coperception_early_from_attentive.yaml,fullperception_pcs,grid,utility,utility,none,0,0,,cov_coalition_game,6,,3;17,17,,{},"{""17"": 5003}",0,41.610678531701886,10,40.0,60.0,,,,,2,ns3,899,0.5,10,12,28,1,1,[41.610678531701886],[675616],,,8,13,
2026_07_15_01_26_56,000110,20,all-cluster-heads,C:\Workspace\OpenCDA\docs\doc_workspace\SGCP\artifacts\early_from_late_checkpoint_20260719\enable_coperception_early_from_attentive.yaml,fullperception_pcs,grid,utility,utility,none,0,0,,cov_coalition_game,6,,20,20,,{},"{""20"": 4898}",0,41.610678531701886,10,40.0,60.0,,,,,2,ns3,899,0.5,10,12,28,1,1,[41.610678531701886],[675616],,,14,19,
2026_07_15_01_26_56,000112,1,all-cluster-heads,C:\Workspace\OpenCDA\docs\doc_workspace\SGCP\artifacts\early_from_late_checkpoint_20260719\enable_coperception_early_from_attentive.yaml,fullperception_pcs,grid,utility,utility,none,0,0,,cov_coalition_game,6,,1;4,1;4,4,"{""4"": 35}","{""1"": 4926, ""4"": 3491}",55856,41.54838709677419,10,40.0,60.0,,,,,2,ns3,899,0.5,10,12,28,1,1,[41.54838709677419],[609872],4>1:6,,19,33,
2026_07_15_01_26_56,000112,12,all-cluster-heads,C:\Workspace\OpenCDA\docs\doc_workspace\SGCP\artifacts\early_from_late_checkpoint_20260719\enable_coperception_early_from_attentive.yaml,fullperception_pcs,grid,utility,utility,none,0,0,,cov_coalition_game,6,,8;12,12;8,8,"{""8"": 37}","{""8"": 4589, ""12"": 5013}",73424,41.54838709677419,10,40.0,60.0,,,,,2,ns3,899,0.5,10,12,28,1,1,[41.54838709677419],[609872],8>12:1,,11,27,
2026_07_15_01_26_56,000112,13,all-cluster-heads,C:\Workspace\OpenCDA\docs\doc_workspace\SGCP\artifacts\early_from_late_checkpoint_20260719\enable_coperception_early_from_attentive.yaml,fullperception_pcs,grid,utility,utility,none,0,0,,cov_coalition_game,6,,13;19,13,,{},"{""13"": 4707}",0,41.54838709677419,10,40.0,60.0,,,,,2,ns3,899,0.5,10,12,28,1,1,[41.54838709677419],[609872],,,2,7,
2026_07_15_01_26_56,000112,15,all-cluster-heads,C:\Workspace\OpenCDA\docs\doc_workspace\SGCP\artifacts\early_from_late_checkpoint_20260719\enable_coperception_early_from_attentive.yaml,fullperception_pcs,grid,utility,utility,none,0,0,,cov_coalition_game,6,,2;15,15;2,2,"{""2"": 13}","{""2"": 3259, ""15"": 4776}",52144,41.54838709677419,10,40.0,60.0,,,,,2,ns3,899,0.5,10,12,28,1,1,[41.54838709677419],[609872],2>15:0,,19,29,
2026_07_15_01_26_56,000112,17,all-cluster-heads,C:\Workspace\OpenCDA\docs\doc_workspace\SGCP\artifacts\early_from_late_checkpoint_20260719\enable_coperception_early_from_attentive.yaml,fullperception_pcs,grid,utility,utility,none,0,0,,cov_coalition_game,6,,3;17,17,,{},"{""17"": 4995}",0,41.54838709677419,10,40.0,60.0,,,,,2,ns3,899,0.5,10,12,28,1,1,[41.54838709677419],[609872],,,8,12,
2026_07_15_01_26_56,000112,20,all-cluster-heads,C:\Workspace\OpenCDA\docs\doc_workspace\SGCP\artifacts\early_from_late_checkpoint_20260719\enable_coperception_early_from_attentive.yaml,fullperception_pcs,grid,utility,utility,none,0,0,,cov_coalition_game,6,,20,20,,{},"{""20"": 4898}",0,41.54838709677419,10,40.0,60.0,,,,,2,ns3,899,0.5,10,12,28,1,1,[41.54838709677419],[609872],,,15,19,
2026_07_15_01_26_56,000114,1,all-cluster-heads,C:\Workspace\OpenCDA\docs\doc_workspace\SGCP\artifacts\early_from_late_checkpoint_20260719\enable_coperception_early_from_attentive.yaml,fullperception_pcs,grid,utility,utility,none,0,0,,cov_coalition_game,6,,1;4,1;4,4,"{""4"": 35}","{""1"": 4926, ""4"": 3490}",55840,42.71412680756396,10,40.0,60.0,,,,,2,ns3,899,0.5,10,12,28,1,1,[42.71412680756396],[683152],4>1:6,,21,33,
2026_07_15_01_26_56,000114,12,all-cluster-heads,C:\Workspace\OpenCDA\docs\doc_workspace\SGCP\artifacts\early_from_late_checkpoint_20260719\enable_coperception_early_from_attentive.yaml,fullperception_pcs,grid,utility,utility,none,0,0,,cov_coalition_game,6,,8;12,12;8,8,"{""8"": 38}","{""8"": 4589, ""12"": 5019}",73424,42.71412680756396,10,40.0,60.0,,,,,2,ns3,899,0.5,10,12,28,1,1,[42.71412680756396],[683152],8>12:2,,11,29,
2026_07_15_01_26_56,000114,13,all-cluster-heads,C:\Workspace\OpenCDA\docs\doc_workspace\SGCP\artifacts\early_from_late_checkpoint_20260719\enable_coperception_early_from_attentive.yaml,fullperception_pcs,grid,utility,utility,none,0,0,,cov_coalition_game,6,,13;19,13,,{},"{""13"": 4726}",0,42.71412680756396,10,40.0,60.0,,,,,2,ns3,899,0.5,10,12,28,1,1,[42.71412680756396],[683152],,,0,8,
2026_07_15_01_26_56,000114,15,all-cluster-heads,C:\Workspace\OpenCDA\docs\doc_workspace\SGCP\artifacts\early_from_late_checkpoint_20260719\enable_coperception_early_from_attentive.yaml,fullperception_pcs,grid,utility,utility,none,0,0,,cov_coalition_game,6,,2;6;15,15;6;2,6;2,"{""2"": 13, ""6"": 21}","{""2"": 3261, ""6"": 4064, ""15"": 4789}",117200,42.71412680756396,10,40.0,60.0,,,,,2,ns3,899,0.5,10,12,28,1,1,[42.71412680756396],[683152],2>15:1;6>15:0,,23,34,
2026_07_15_01_26_56,000114,17,all-cluster-heads,C:\Workspace\OpenCDA\docs\doc_workspace\SGCP\artifacts\early_from_late_checkpoint_20260719\enable_coperception_early_from_attentive.yaml,fullperception_pcs,grid,utility,utility,none,0,0,,cov_coalition_game,6,,7;17,17;7,7,"{""7"": 38}","{""7"": 4502, ""17"": 5006}",72032,42.71412680756396,10,40.0,60.0,,,,,2,ns3,899,0.5,10,12,28,1,1,[42.71412680756396],[683152],7>17:4,,13,17,
2026_07_15_01_26_56,000114,20,all-cluster-heads,C:\Workspace\OpenCDA\docs\doc_workspace\SGCP\artifacts\early_from_late_checkpoint_20260719\enable_coperception_early_from_attentive.yaml,fullperception_pcs,grid,utility,utility,none,0,0,,cov_coalition_game,6,,20,20,,{},"{""20"": 4899}",0,42.71412680756396,10,40.0,60.0,,,,,2,ns3,899,0.5,10,12,28,1,1,[42.71412680756396],[683152],,,15,19,
2026_07_15_01_26_56,000116,1,all-cluster-heads,C:\Workspace\OpenCDA\docs\doc_workspace\SGCP\artifacts\early_from_late_checkpoint_20260719\enable_coperception_early_from_attentive.yaml,fullperception_pcs,grid,utility,utility,none,0,0,,cov_coalition_game,6,,1;4,1;4,4,"{""4"": 36}","{""1"": 4926, ""4"": 3489}",55824,42.46496106785317,10,40.0,60.0,,,,,2,ns3,899,0.5,10,12,28,1,1,[42.46496106785317],[623728],4>1:6,,22,33,
2026_07_15_01_26_56,000116,12,all-cluster-heads,C:\Workspace\OpenCDA\docs\doc_workspace\SGCP\artifacts\early_from_late_checkpoint_20260719\enable_coperception_early_from_attentive.yaml,fullperception_pcs,grid,utility,utility,none,0,0,,cov_coalition_game,6,,8;12,12;8,8,"{""8"": 38}","{""8"": 4590, ""12"": 4999}",73440,42.46496106785317,10,40.0,60.0,,,,,2,ns3,899,0.5,10,12,28,1,1,[42.46496106785317],[623728],8>12:2,,15,28,
2026_07_15_01_26_56,000116,13,all-cluster-heads,C:\Workspace\OpenCDA\docs\doc_workspace\SGCP\artifacts\early_from_late_checkpoint_20260719\enable_coperception_early_from_attentive.yaml,fullperception_pcs,grid,utility,utility,none,0,0,,cov_coalition_game,6,,13;19,13,,{},"{""13"": 4746}",0,42.46496106785317,10,40.0,60.0,,,,,2,ns3,899,0.5,10,12,28,1,1,[42.46496106785317],[623728],,,0,8,
2026_07_15_01_26_56,000116,15,all-cluster-heads,C:\Workspace\OpenCDA\docs\doc_workspace\SGCP\artifacts\early_from_late_checkpoint_20260719\enable_coperception_early_from_attentive.yaml,fullperception_pcs,grid,utility,utility,none,0,0,,cov_coalition_game,6,,2;6;15,15;6;2,6;2,"{""2"": 13, ""6"": 27}","{""2"": 3263, ""6"": 324, ""15"": 4804}",57392,42.46496106785317,10,40.0,60.0,,,,,2,ns3,899,0.5,10,12,28,1,1,[42.46496106785317],[623728],2>15:1;6>15:0,,22,35,
2026_07_15_01_26_56,000116,17,all-cluster-heads,C:\Workspace\OpenCDA\docs\doc_workspace\SGCP\artifacts\early_from_late_checkpoint_20260719\enable_coperception_early_from_attentive.yaml,fullperception_pcs,grid,utility,utility,none,0,0,,cov_coalition_game,6,,7;17,17;7,7,"{""7"": 38}","{""7"": 4503, ""17"": 5014}",72048,42.46496106785317,10,40.0,60.0,,,,,2,ns3,899,0.5,10,12,28,1,1,[42.46496106785317],[623728],7>17:4,,15,17,
2026_07_15_01_26_56,000116,20,all-cluster-heads,C:\Workspace\OpenCDA\docs\doc_workspace\SGCP\artifacts\early_from_late_checkpoint_20260719\enable_coperception_early_from_attentive.yaml,fullperception_pcs,grid,utility,utility,none,0,0,,cov_coalition_game,6,,20,20,,{},"{""20"": 4899}",0,42.46496106785317,10,40.0,60.0,,,,,2,ns3,899,0.5,10,12,28,1,1,[42.46496106785317],[623728],,,15,19,
2026_07_15_01_26_56,000118,1,all-cluster-heads,C:\Workspace\OpenCDA\docs\doc_workspace\SGCP\artifacts\early_from_late_checkpoint_20260719\enable_coperception_early_from_attentive.yaml,fullperception_pcs,grid,utility,utility,none,0,0,,cov_coalition_game,6,,1;4,1;4,4,"{""4"": 36}","{""1"": 4927, ""4"": 3490}",55840,42.46496106785317,10,40.0,60.0,,,,,2,ns3,899,0.5,10,12,28,1,1,[42.46496106785317],[683408],4>1:6,,24,32,
2026_07_15_01_26_56,000118,12,all-cluster-heads,C:\Workspace\OpenCDA\docs\doc_workspace\SGCP\artifacts\early_from_late_checkpoint_20260719\enable_coperception_early_from_attentive.yaml,fullperception_pcs,grid,utility,utility,none,0,0,,cov_coalition_game,6,,8;12,12;8,8,"{""8"": 39}","{""8"": 4589, ""12"": 5018}",73424,42.46496106785317,10,40.0,60.0,,,,,2,ns3,899,0.5,10,12,28,1,1,[42.46496106785317],[683408],8>12:3,,12,29,
2026_07_15_01_26_56,000118,13,all-cluster-heads,C:\Workspace\OpenCDA\docs\doc_workspace\SGCP\artifacts\early_from_late_checkpoint_20260719\enable_coperception_early_from_attentive.yaml,fullperception_pcs,grid,utility,utility,none,0,0,,cov_coalition_game,6,,13;19,13,,{},"{""13"": 4711}",0,42.46496106785317,10,40.0,60.0,,,,,2,ns3,899,0.5,10,12,28,1,1,[42.46496106785317],[683408],,,1,8,
2026_07_15_01_26_56,000118,15,all-cluster-heads,C:\Workspace\OpenCDA\docs\doc_workspace\SGCP\artifacts\early_from_late_checkpoint_20260719\enable_coperception_early_from_attentive.yaml,fullperception_pcs,grid,utility,utility,none,0,0,,cov_coalition_game,6,,2;6;15,15;6;2,6;2,"{""2"": 13, ""6"": 21}","{""2"": 3265, ""6"": 4047, ""15"": 4815}",116992,42.46496106785317,10,40.0,60.0,,,,,2,ns3,899,0.5,10,12,28,1,1,[42.46496106785317],[683408],2>15:1;6>15:0,,24,34,
2026_07_15_01_26_56,000118,17,all-cluster-heads,C:\Workspace\OpenCDA\docs\doc_workspace\SGCP\artifacts\early_from_late_checkpoint_20260719\enable_coperception_early_from_attentive.yaml,fullperception_pcs,grid,utility,utility,none,0,0,,cov_coalition_game,6,,7;17,17;7,7,"{""7"": 38}","{""7"": 4498, ""17"": 5023}",71968,42.46496106785317,10,40.0,60.0,,,,,2,ns3,899,0.5,10,12,28,1,1,[42.46496106785317],[683408],7>17:4,,16,17,
2026_07_15_01_26_56,000118,20,all-cluster-heads,C:\Workspace\OpenCDA\docs\doc_workspace\SGCP\artifacts\early_from_late_checkpoint_20260719\enable_coperception_early_from_attentive.yaml,fullperception_pcs,grid,utility,utility,none,0,0,,cov_coalition_game,6,,20,20,,{},"{""20"": 4899}",0,42.46496106785317,10,40.0,60.0,,,,,2,ns3,899,0.5,10,12,28,1,1,[42.46496106785317],[683408],,,15,19,
2026_07_15_01_26_56,000120,1,all-cluster-heads,C:\Workspace\OpenCDA\docs\doc_workspace\SGCP\artifacts\early_from_late_checkpoint_20260719\enable_coperception_early_from_attentive.yaml,fullperception_pcs,grid,utility,utility,none,0,0,,cov_coalition_game,6,,1;4,1;4,4,"{""4"": 36}","{""1"": 4928, ""4"": 3490}",55840,42.53615127919911,10,40.0,60.0,,,,,2,ns3,899,0.5,10,12,28,1,1,[42.53615127919911],[683568],4>1:5,,22,32,
2026_07_15_01_26_56,000120,12,all-cluster-heads,C:\Workspace\OpenCDA\docs\doc_workspace\SGCP\artifacts\early_from_late_checkpoint_20260719\enable_coperception_early_from_attentive.yaml,fullperception_pcs,grid,utility,utility,none,0,0,,cov_coalition_game,6,,8;12,12;8,8,"{""8"": 39}","{""8"": 4588, ""12"": 5020}",73408,42.53615127919911,10,40.0,60.0,,,,,2,ns3,899,0.5,10,12,28,1,1,[42.53615127919911],[683568],8>12:3,,13,27,
2026_07_15_01_26_56,000120,13,all-cluster-heads,C:\Workspace\OpenCDA\docs\doc_workspace\SGCP\artifacts\early_from_late_checkpoint_20260719\enable_coperception_early_from_attentive.yaml,fullperception_pcs,grid,utility,utility,none,0,0,,cov_coalition_game,6,,13;19,13,,{},"{""13"": 4704}",0,42.53615127919911,10,40.0,60.0,,,,,2,ns3,899,0.5,10,12,28,1,1,[42.53615127919911],[683568],,,2,8,
2026_07_15_01_26_56,000120,15,all-cluster-heads,C:\Workspace\OpenCDA\docs\doc_workspace\SGCP\artifacts\early_from_late_checkpoint_20260719\enable_coperception_early_from_attentive.yaml,fullperception_pcs,grid,utility,utility,none,0,0,,cov_coalition_game,6,,2;6;15,15;6;2,6;2,"{""2"": 13, ""6"": 21}","{""2"": 3272, ""6"": 4026, ""15"": 4811}",116768,42.53615127919911,10,40.0,60.0,,,,,2,ns3,899,0.5,10,12,28,1,1,[42.53615127919911],[683568],2>15:1;6>15:0,,24,34,
2026_07_15_01_26_56,000120,17,all-cluster-heads,C:\Workspace\OpenCDA\docs\doc_workspace\SGCP\artifacts\early_from_late_checkpoint_20260719\enable_coperception_early_from_attentive.yaml,fullperception_pcs,grid,utility,utility,none,0,0,,cov_coalition_game,6,,7;17,17;7,7,"{""7"": 38}","{""7"": 4498, ""17"": 5031}",71968,42.53615127919911,10,40.0,60.0,,,,,2,ns3,899,0.5,10,12,28,1,1,[42.53615127919911],[683568],7>17:4,,15,17,
2026_07_15_01_26_56,000120,20,all-cluster-heads,C:\Workspace\OpenCDA\docs\doc_workspace\SGCP\artifacts\early_from_late_checkpoint_20260719\enable_coperception_early_from_attentive.yaml,fullperception_pcs,grid,utility,utility,none,0,0,,cov_coalition_game,6,,20,20,,{},"{""20"": 4901}",0,42.53615127919911,10,40.0,60.0,,,,,2,ns3,899,0.5,10,12,28,1,1,[42.53615127919911],[683568],,,15,19,
2026_07_15_01_26_56,000122,1,all-cluster-heads,C:\Workspace\OpenCDA\docs\doc_workspace\SGCP\artifacts\early_from_late_checkpoint_20260719\enable_coperception_early_from_attentive.yaml,fullperception_pcs,grid,utility,utility,none,0,0,,cov_coalition_game,6,,1;4,1;4,4,"{""4"": 36}","{""1"": 4925, ""4"": 3490}",55840,42.313681868743046,10,40.0,60.0,,,,,2,ns3,899,0.5,10,12,28,1,1,[42.313681868743046],[683888],4>1:6,,20,33,
2026_07_15_01_26_56,000122,12,all-cluster-heads,C:\Workspace\OpenCDA\docs\doc_workspace\SGCP\artifacts\early_from_late_checkpoint_20260719\enable_coperception_early_from_attentive.yaml,fullperception_pcs,grid,utility,utility,none,0,0,,cov_coalition_game,6,,8;12,12;8,8,"{""8"": 39}","{""8"": 4589, ""12"": 5019}",73424,42.313681868743046,10,40.0,60.0,,,,,2,ns3,899,0.5,10,12,28,1,1,[42.313681868743046],[683888],8>12:3,,16,27,
2026_07_15_01_26_56,000122,13,all-cluster-heads,C:\Workspace\OpenCDA\docs\doc_workspace\SGCP\artifacts\early_from_late_checkpoint_20260719\enable_coperception_early_from_attentive.yaml,fullperception_pcs,grid,utility,utility,none,0,0,,cov_coalition_game,6,,13;19,13,,{},"{""13"": 4698}",0,42.313681868743046,10,40.0,60.0,,,,,2,ns3,899,0.5,10,12,28,1,1,[42.313681868743046],[683888],,,0,8,
2026_07_15_01_26_56,000122,15,all-cluster-heads,C:\Workspace\OpenCDA\docs\doc_workspace\SGCP\artifacts\early_from_late_checkpoint_20260719\enable_coperception_early_from_attentive.yaml,fullperception_pcs,grid,utility,utility,none,0,0,,cov_coalition_game,6,,2;6;15,15;6;2,6;2,"{""2"": 13, ""6"": 21}","{""2"": 3275, ""6"": 4036, ""15"": 4812}",116976,42.313681868743046,10,40.0,60.0,,,,,2,ns3,899,0.5,10,12,28,1,1,[42.313681868743046],[683888],2>15:1;6>15:0,,23,34,
2026_07_15_01_26_56,000122,17,all-cluster-heads,C:\Workspace\OpenCDA\docs\doc_workspace\SGCP\artifacts\early_from_late_checkpoint_20260719\enable_coperception_early_from_attentive.yaml,fullperception_pcs,grid,utility,utility,none,0,0,,cov_coalition_game,6,,7;17,17;7,7,"{""7"": 38}","{""7"": 4501, ""17"": 5030}",72016,42.313681868743046,10,40.0,60.0,,,,,2,ns3,899,0.5,10,12,28,1,1,[42.313681868743046],[683888],7>17:4,,16,17,
2026_07_15_01_26_56,000122,20,all-cluster-heads,C:\Workspace\OpenCDA\docs\doc_workspace\SGCP\artifacts\early_from_late_checkpoint_20260719\enable_coperception_early_from_attentive.yaml,fullperception_pcs,grid,utility,utility,none,0,0,,cov_coalition_game,6,,20,20,,{},"{""20"": 4897}",0,42.313681868743046,10,40.0,60.0,,,,,2,ns3,899,0.5,10,12,28,1,1,[42.313681868743046],[683888],,,15,19,
2026_07_15_01_26_56,000124,1,all-cluster-heads,C:\Workspace\OpenCDA\docs\doc_workspace\SGCP\artifacts\early_from_late_checkpoint_20260719\enable_coperception_early_from_attentive.yaml,fullperception_pcs,grid,utility,utility,none,0,0,,cov_coalition_game,6,,1;4,1;4,4,"{""4"": 36}","{""1"": 4925, ""4"": 3491}",55856,42.4293659621802,10,40.0,60.0,,,,,2,ns3,899,0.5,10,12,28,1,1,[42.4293659621802],[638208],4>1:5,,22,33,
2026_07_15_01_26_56,000124,12,all-cluster-heads,C:\Workspace\OpenCDA\docs\doc_workspace\SGCP\artifacts\early_from_late_checkpoint_20260719\enable_coperception_early_from_attentive.yaml,fullperception_pcs,grid,utility,utility,none,0,0,,cov_coalition_game,6,,12,12,,{},"{""12"": 4985}",0,42.4293659621802,10,40.0,60.0,,,,,2,ns3,899,0.5,10,12,28,1,1,[42.4293659621802],[638208],,,10,10,
2026_07_15_01_26_56,000124,13,all-cluster-heads,C:\Workspace\OpenCDA\docs\doc_workspace\SGCP\artifacts\early_from_late_checkpoint_20260719\enable_coperception_early_from_attentive.yaml,fullperception_pcs,grid,utility,utility,none,0,0,,cov_coalition_game,6,,13;19,13,,{},"{""13"": 4711}",0,42.4293659621802,10,40.0,60.0,,,,,2,ns3,899,0.5,10,12,28,1,1,[42.4293659621802],[638208],,,0,7,
2026_07_15_01_26_56,000124,15,all-cluster-heads,C:\Workspace\OpenCDA\docs\doc_workspace\SGCP\artifacts\early_from_late_checkpoint_20260719\enable_coperception_early_from_attentive.yaml,fullperception_pcs,grid,utility,utility,none,0,0,,cov_coalition_game,6,,6;15,15,,{},"{""15"": 4813}",0,42.4293659621802,10,40.0,60.0,,,,,2,ns3,899,0.5,10,12,28,1,1,[42.4293659621802],[638208],,,17,12,
2026_07_15_01_26_56,000124,17,all-cluster-heads,C:\Workspace\OpenCDA\docs\doc_workspace\SGCP\artifacts\early_from_late_checkpoint_20260719\enable_coperception_early_from_attentive.yaml,fullperception_pcs,grid,utility,utility,none,0,0,,cov_coalition_game,6,,7;17,17;7,7,"{""7"": 37}","{""7"": 4498, ""17"": 5029}",71968,42.4293659621802,10,40.0,60.0,,,,,2,ns3,899,0.5,10,12,28,1,1,[42.4293659621802],[638208],7>17:0,,16,17,
2026_07_15_01_26_56,000124,20,all-cluster-heads,C:\Workspace\OpenCDA\docs\doc_workspace\SGCP\artifacts\early_from_late_checkpoint_20260719\enable_coperception_early_from_attentive.yaml,fullperception_pcs,grid,utility,utility,none,0,0,,cov_coalition_game,6,,20,20,,{},"{""20"": 4897}",0,42.4293659621802,10,40.0,60.0,,,,,2,ns3,899,0.5,10,12,28,1,1,[42.4293659621802],[638208],,,17,19,
2026_07_15_01_26_56,000126,1,all-cluster-heads,C:\Workspace\OpenCDA\docs\doc_workspace\SGCP\artifacts\early_from_late_checkpoint_20260719\enable_coperception_early_from_attentive.yaml,fullperception_pcs,grid,utility,utility,none,0,0,,cov_coalition_game,6,,1;4,1;4,4,"{""4"": 36}","{""1"": 4926, ""4"": 3491}",55856,42.269187986651836,10,40.0,60.0,,,,,2,ns3,899,0.5,10,12,28,1,1,[42.269187986651836],[708784],4>1:5,,22,33,
2026_07_15_01_26_56,000126,12,all-cluster-heads,C:\Workspace\OpenCDA\docs\doc_workspace\SGCP\artifacts\early_from_late_checkpoint_20260719\enable_coperception_early_from_attentive.yaml,fullperception_pcs,grid,utility,utility,none,0,0,,cov_coalition_game,6,,12,12,,{},"{""12"": 4992}",0,42.269187986651836,10,40.0,60.0,,,,,2,ns3,899,0.5,10,12,28,1,1,[42.269187986651836],[708784],,,5,10,
2026_07_15_01_26_56,000126,13,all-cluster-heads,C:\Workspace\OpenCDA\docs\doc_workspace\SGCP\artifacts\early_from_late_checkpoint_20260719\enable_coperception_early_from_attentive.yaml,fullperception_pcs,grid,utility,utility,none,0,0,,cov_coalition_game,6,,13;14,13,,{},"{""13"": 4690}",0,42.269187986651836,10,40.0,60.0,,,,,2,ns3,899,0.5,10,12,28,1,1,[42.269187986651836],[708784],,,0,7,
2026_07_15_01_26_56,000126,15,all-cluster-heads,C:\Workspace\OpenCDA\docs\doc_workspace\SGCP\artifacts\early_from_late_checkpoint_20260719\enable_coperception_early_from_attentive.yaml,fullperception_pcs,grid,utility,utility,none,0,0,,cov_coalition_game,6,,6;15,15,,{},"{""15"": 4825}",0,42.269187986651836,10,40.0,60.0,,,,,2,ns3,899,0.5,10,12,28,1,1,[42.269187986651836],[708784],,,16,13,
2026_07_15_01_26_56,000126,17,all-cluster-heads,C:\Workspace\OpenCDA\docs\doc_workspace\SGCP\artifacts\early_from_late_checkpoint_20260719\enable_coperception_early_from_attentive.yaml,fullperception_pcs,grid,utility,utility,none,0,0,,cov_coalition_game,6,,7;17,17;7,7,"{""7"": 37}","{""7"": 4497, ""17"": 5026}",71952,42.269187986651836,10,40.0,60.0,,,,,2,ns3,899,0.5,10,12,28,1,1,[42.269187986651836],[708784],7>17:0,,15,16,
2026_07_15_01_26_56,000126,20,all-cluster-heads,C:\Workspace\OpenCDA\docs\doc_workspace\SGCP\artifacts\early_from_late_checkpoint_20260719\enable_coperception_early_from_attentive.yaml,fullperception_pcs,grid,utility,utility,none,0,0,,cov_coalition_game,6,,19;20,20,,{},"{""20"": 4899}",0,42.269187986651836,10,40.0,60.0,,,,,2,ns3,899,0.5,10,12,28,1,1,[42.269187986651836],[708784],,,17,19,
2026_07_15_01_26_56,000128,1,all-cluster-heads,C:\Workspace\OpenCDA\docs\doc_workspace\SGCP\artifacts\early_from_late_checkpoint_20260719\enable_coperception_early_from_attentive.yaml,fullperception_pcs,grid,utility,utility,none,0,0,,cov_coalition_game,6,,1;4,1;4,4,"{""4"": 36}","{""1"": 4925, ""4"": 3491}",55856,42.1357063403782,10,40.0,60.0,,,,,2,ns3,899,0.5,10,12,28,1,1,[42.1357063403782],[709216],4>1:4,,21,32,
2026_07_15_01_26_56,000128,12,all-cluster-heads,C:\Workspace\OpenCDA\docs\doc_workspace\SGCP\artifacts\early_from_late_checkpoint_20260719\enable_coperception_early_from_attentive.yaml,fullperception_pcs,grid,utility,utility,none,0,0,,cov_coalition_game,6,,12,12,,{},"{""12"": 4996}",0,42.1357063403782,10,40.0,60.0,,,,,2,ns3,899,0.5,10,12,28,1,1,[42.1357063403782],[709216],,,5,10,
2026_07_15_01_26_56,000128,13,all-cluster-heads,C:\Workspace\OpenCDA\docs\doc_workspace\SGCP\artifacts\early_from_late_checkpoint_20260719\enable_coperception_early_from_attentive.yaml,fullperception_pcs,grid,utility,utility,none,0,0,,cov_coalition_game,6,,13;14,13,,{},"{""13"": 4698}",0,42.1357063403782,10,40.0,60.0,,,,,2,ns3,899,0.5,10,12,28,1,1,[42.1357063403782],[709216],,,0,6,
2026_07_15_01_26_56,000128,15,all-cluster-heads,C:\Workspace\OpenCDA\docs\doc_workspace\SGCP\artifacts\early_from_late_checkpoint_20260719\enable_coperception_early_from_attentive.yaml,fullperception_pcs,grid,utility,utility,none,0,0,,cov_coalition_game,6,,6;15,15,,{},"{""15"": 4821}",0,42.1357063403782,10,40.0,60.0,,,,,2,ns3,899,0.5,10,12,28,1,1,[42.1357063403782],[709216],,,17,13,
2026_07_15_01_26_56,000128,17,all-cluster-heads,C:\Workspace\OpenCDA\docs\doc_workspace\SGCP\artifacts\early_from_late_checkpoint_20260719\enable_coperception_early_from_attentive.yaml,fullperception_pcs,grid,utility,utility,none,0,0,,cov_coalition_game,6,,7;17,17;7,7,"{""7"": 37}","{""7"": 4503, ""17"": 5026}",72048,42.1357063403782,10,40.0,60.0,,,,,2,ns3,899,0.5,10,12,28,1,1,[42.1357063403782],[709216],7>17:0,,16,16,
2026_07_15_01_26_56,000128,20,all-cluster-heads,C:\Workspace\OpenCDA\docs\doc_workspace\SGCP\artifacts\early_from_late_checkpoint_20260719\enable_coperception_early_from_attentive.yaml,fullperception_pcs,grid,utility,utility,none,0,0,,cov_coalition_game,6,,19;20,20,,{},"{""20"": 4900}",0,42.1357063403782,10,40.0,60.0,,,,,2,ns3,899,0.5,10,12,28,1,1,[42.1357063403782],[709216],,,18,19,
2026_07_15_01_26_56,000130,1,all-cluster-heads,C:\Workspace\OpenCDA\docs\doc_workspace\SGCP\artifacts\early_from_late_checkpoint_20260719\enable_coperception_early_from_attentive.yaml,fullperception_pcs,grid,utility,utility,none,0,0,,cov_coalition_game,6,,1;4,1;4,4,"{""4"": 36}","{""1"": 4928, ""4"": 3491}",55856,41.98442714126808,10,40.0,60.0,,,,,2,ns3,899,0.5,10,12,28,1,1,[41.98442714126808],[709184],4>1:4,,21,32,
2026_07_15_01_26_56,000130,12,all-cluster-heads,C:\Workspace\OpenCDA\docs\doc_workspace\SGCP\artifacts\early_from_late_checkpoint_20260719\enable_coperception_early_from_attentive.yaml,fullperception_pcs,grid,utility,utility,none,0,0,,cov_coalition_game,6,,12,12,,{},"{""12"": 4999}",0,41.98442714126808,10,40.0,60.0,,,,,2,ns3,899,0.5,10,12,28,1,1,[41.98442714126808],[709184],,,8,10,
2026_07_15_01_26_56,000130,13,all-cluster-heads,C:\Workspace\OpenCDA\docs\doc_workspace\SGCP\artifacts\early_from_late_checkpoint_20260719\enable_coperception_early_from_attentive.yaml,fullperception_pcs,grid,utility,utility,none,0,0,,cov_coalition_game,6,,13;14,13,,{},"{""13"": 4679}",0,41.98442714126808,10,40.0,60.0,,,,,2,ns3,899,0.5,10,12,28,1,1,[41.98442714126808],[709184],,,0,7,
2026_07_15_01_26_56,000130,15,all-cluster-heads,C:\Workspace\OpenCDA\docs\doc_workspace\SGCP\artifacts\early_from_late_checkpoint_20260719\enable_coperception_early_from_attentive.yaml,fullperception_pcs,grid,utility,utility,none,0,0,,cov_coalition_game,6,,6;15,15,,{},"{""15"": 4809}",0,41.98442714126808,10,40.0,60.0,,,,,2,ns3,899,0.5,10,12,28,1,1,[41.98442714126808],[709184],,,17,12,
2026_07_15_01_26_56,000130,17,all-cluster-heads,C:\Workspace\OpenCDA\docs\doc_workspace\SGCP\artifacts\early_from_late_checkpoint_20260719\enable_coperception_early_from_attentive.yaml,fullperception_pcs,grid,utility,utility,none,0,0,,cov_coalition_game,6,,7;17,17;7,7,"{""7"": 37}","{""7"": 4503, ""17"": 5023}",72048,41.98442714126808,10,40.0,60.0,,,,,2,ns3,899,0.5,10,12,28,1,1,[41.98442714126808],[709184],7>17:0,,14,15,
2026_07_15_01_26_56,000130,20,all-cluster-heads,C:\Workspace\OpenCDA\docs\doc_workspace\SGCP\artifacts\early_from_late_checkpoint_20260719\enable_coperception_early_from_attentive.yaml,fullperception_pcs,grid,utility,utility,none,0,0,,cov_coalition_game,6,,19;20,20,,{},"{""20"": 4900}",0,41.98442714126808,10,40.0,60.0,,,,,2,ns3,899,0.5,10,12,28,1,1,[41.98442714126808],[709184],,,20,19,
2026_07_15_01_26_56,000132,4,all-cluster-heads,C:\Workspace\OpenCDA\docs\doc_workspace\SGCP\artifacts\early_from_late_checkpoint_20260719\enable_coperception_early_from_attentive.yaml,fullperception_pcs,grid,utility,utility,none,0,0,,cov_coalition_game,6,,1;4,4,,{},"{""4"": 4850}",0,41.753058954393765,10,40.0,60.0,,,,,2,ns3,899,0.5,10,12,28,1,1,[41.753058954393765],[737728],,,10,28,
2026_07_15_01_26_56,000132,11,all-cluster-heads,C:\Workspace\OpenCDA\docs\doc_workspace\SGCP\artifacts\early_from_late_checkpoint_20260719\enable_coperception_early_from_attentive.yaml,fullperception_pcs,grid,utility,utility,none,0,0,,cov_coalition_game,6,,9;11,11,,{},"{""11"": 4910}",0,41.753058954393765,10,40.0,60.0,,,,,2,ns3,899,0.5,10,12,28,1,1,[41.753058954393765],[737728],,,15,15,
2026_07_15_01_26_56,000132,13,all-cluster-heads,C:\Workspace\OpenCDA\docs\doc_workspace\SGCP\artifacts\early_from_late_checkpoint_20260719\enable_coperception_early_from_attentive.yaml,fullperception_pcs,grid,utility,utility,none,0,0,,cov_coalition_game,6,,13;14,13,,{},"{""13"": 4705}",0,41.753058954393765,10,40.0,60.0,,,,,2,ns3,899,0.5,10,12,28,1,1,[41.753058954393765],[737728],,,0,7,
2026_07_15_01_26_56,000132,15,all-cluster-heads,C:\Workspace\OpenCDA\docs\doc_workspace\SGCP\artifacts\early_from_late_checkpoint_20260719\enable_coperception_early_from_attentive.yaml,fullperception_pcs,grid,utility,utility,none,0,0,,cov_coalition_game,6,,6;15,15,,{},"{""15"": 4844}",0,41.753058954393765,10,40.0,60.0,,,,,2,ns3,899,0.5,10,12,28,1,1,[41.753058954393765],[737728],,,15,12,
2026_07_15_01_26_56,000132,17,all-cluster-heads,C:\Workspace\OpenCDA\docs\doc_workspace\SGCP\artifacts\early_from_late_checkpoint_20260719\enable_coperception_early_from_attentive.yaml,fullperception_pcs,grid,utility,utility,none,0,0,,cov_coalition_game,6,,7;17,17;7,7,"{""7"": 37}","{""7"": 4507, ""17"": 5022}",72112,41.753058954393765,10,40.0,60.0,,,,,2,ns3,899,0.5,10,12,28,1,1,[41.753058954393765],[737728],7>17:4,,15,15,
2026_07_15_01_26_56,000132,20,all-cluster-heads,C:\Workspace\OpenCDA\docs\doc_workspace\SGCP\artifacts\early_from_late_checkpoint_20260719\enable_coperception_early_from_attentive.yaml,fullperception_pcs,grid,utility,utility,none,0,0,,cov_coalition_game,6,,19;20,20,,{},"{""20"": 4901}",0,41.753058954393765,10,40.0,60.0,,,,,2,ns3,899,0.5,10,12,28,1,1,[41.753058954393765],[737728],,,19,19,
2026_07_15_01_26_56,000134,4,all-cluster-heads,C:\Workspace\OpenCDA\docs\doc_workspace\SGCP\artifacts\early_from_late_checkpoint_20260719\enable_coperception_early_from_attentive.yaml,fullperception_pcs,grid,utility,utility,none,0,0,,cov_coalition_game,6,,1;4,4,,{},"{""4"": 4848}",0,41.5928809788654,10,40.0,60.0,,,,,2,ns3,899,0.5,10,12,28,1,1,[41.5928809788654],[736720],,,12,28,
2026_07_15_01_26_56,000134,11,all-cluster-heads,C:\Workspace\OpenCDA\docs\doc_workspace\SGCP\artifacts\early_from_late_checkpoint_20260719\enable_coperception_early_from_attentive.yaml,fullperception_pcs,grid,utility,utility,none,0,0,,cov_coalition_game,6,,9;11,11,,{},"{""11"": 4909}",0,41.5928809788654,10,40.0,60.0,,,,,2,ns3,899,0.5,10,12,28,1,1,[41.5928809788654],[736720],,,15,15,
2026_07_15_01_26_56,000134,13,all-cluster-heads,C:\Workspace\OpenCDA\docs\doc_workspace\SGCP\artifacts\early_from_late_checkpoint_20260719\enable_coperception_early_from_attentive.yaml,fullperception_pcs,grid,utility,utility,none,0,0,,cov_coalition_game,6,,13;14,13,,{},"{""13"": 4701}",0,41.5928809788654,10,40.0,60.0,,,,,2,ns3,899,0.5,10,12,28,1,1,[41.5928809788654],[736720],,,0,7,
2026_07_15_01_26_56,000134,15,all-cluster-heads,C:\Workspace\OpenCDA\docs\doc_workspace\SGCP\artifacts\early_from_late_checkpoint_20260719\enable_coperception_early_from_attentive.yaml,fullperception_pcs,grid,utility,utility,none,0,0,,cov_coalition_game,6,,6;15,15,,{},"{""15"": 4817}",0,41.5928809788654,10,40.0,60.0,,,,,2,ns3,899,0.5,10,12,28,1,1,[41.5928809788654],[736720],,,14,15,
2026_07_15_01_26_56,000134,17,all-cluster-heads,C:\Workspace\OpenCDA\docs\doc_workspace\SGCP\artifacts\early_from_late_checkpoint_20260719\enable_coperception_early_from_attentive.yaml,fullperception_pcs,grid,utility,utility,none,0,0,,cov_coalition_game,6,,7;17,17;7,7,"{""7"": 37}","{""7"": 4508, ""17"": 5034}",72128,41.5928809788654,10,40.0,60.0,,,,,2,ns3,899,0.5,10,12,28,1,1,[41.5928809788654],[736720],7>17:4,,13,16,
2026_07_15_01_26_56,000134,20,all-cluster-heads,C:\Workspace\OpenCDA\docs\doc_workspace\SGCP\artifacts\early_from_late_checkpoint_20260719\enable_coperception_early_from_attentive.yaml,fullperception_pcs,grid,utility,utility,none,0,0,,cov_coalition_game,6,,19;20,20,,{},"{""20"": 4905}",0,41.5928809788654,10,40.0,60.0,,,,,2,ns3,899,0.5,10,12,28,1,1,[41.5928809788654],[736720],,,19,19,
2026_07_15_01_26_56,000136,2,all-cluster-heads,C:\Workspace\OpenCDA\docs\doc_workspace\SGCP\artifacts\early_from_late_checkpoint_20260719\enable_coperception_early_from_attentive.yaml,fullperception_pcs,grid,utility,utility,none,0,0,,cov_coalition_game,6,,2;8;10,2;10;8,10;8,"{""8"": 35, ""10"": 26}","{""2"": 4856, ""8"": 4587, ""10"": 2307}",110304,41.57508342602892,10,40.0,60.0,,,,,2,ns3,899,0.5,10,12,28,1,1,[41.57508342602892],[737184],8>2:2;10>2:0,,26,47,
2026_07_15_01_26_56,000136,11,all-cluster-heads,C:\Workspace\OpenCDA\docs\doc_workspace\SGCP\artifacts\early_from_late_checkpoint_20260719\enable_coperception_early_from_attentive.yaml,fullperception_pcs,grid,utility,utility,none,0,0,,cov_coalition_game,6,,9;11,11,,{},"{""11"": 4911}",0,41.57508342602892,10,40.0,60.0,,,,,2,ns3,899,0.5,10,12,28,1,1,[41.57508342602892],[737184],,,15,15,
2026_07_15_01_26_56,000136,12,all-cluster-heads,C:\Workspace\OpenCDA\docs\doc_workspace\SGCP\artifacts\early_from_late_checkpoint_20260719\enable_coperception_early_from_attentive.yaml,fullperception_pcs,grid,utility,utility,none,0,0,,cov_coalition_game,6,,12,12,,{},"{""12"": 5003}",0,41.57508342602892,10,40.0,60.0,,,,,2,ns3,899,0.5,10,12,28,1,1,[41.57508342602892],[737184],,,5,9,
2026_07_15_01_26_56,000136,13,all-cluster-heads,C:\Workspace\OpenCDA\docs\doc_workspace\SGCP\artifacts\early_from_late_checkpoint_20260719\enable_coperception_early_from_attentive.yaml,fullperception_pcs,grid,utility,utility,none,0,0,,cov_coalition_game,6,,13;14,13,,{},"{""13"": 4710}",0,41.57508342602892,10,40.0,60.0,,,,,2,ns3,899,0.5,10,12,28,1,1,[41.57508342602892],[737184],,,0,7,
2026_07_15_01_26_56,000136,17,all-cluster-heads,C:\Workspace\OpenCDA\docs\doc_workspace\SGCP\artifacts\early_from_late_checkpoint_20260719\enable_coperception_early_from_attentive.yaml,fullperception_pcs,grid,utility,utility,none,0,0,,cov_coalition_game,6,,7;17,17;7,7,"{""7"": 38}","{""7"": 4511, ""17"": 5030}",72176,41.57508342602892,10,40.0,60.0,,,,,2,ns3,899,0.5,10,12,28,1,1,[41.57508342602892],[737184],7>17:4,,15,16,
2026_07_15_01_26_56,000136,20,all-cluster-heads,C:\Workspace\OpenCDA\docs\doc_workspace\SGCP\artifacts\early_from_late_checkpoint_20260719\enable_coperception_early_from_attentive.yaml,fullperception_pcs,grid,utility,utility,none,0,0,,cov_coalition_game,6,,19;20,20,,{},"{""20"": 4909}",0,41.57508342602892,10,40.0,60.0,,,,,2,ns3,899,0.5,10,12,28,1,1,[41.57508342602892],[737184],,,17,19,
2026_07_15_01_26_56,000138,2,all-cluster-heads,C:\Workspace\OpenCDA\docs\doc_workspace\SGCP\artifacts\early_from_late_checkpoint_20260719\enable_coperception_early_from_attentive.yaml,fullperception_pcs,grid,utility,utility,none,0,0,,cov_coalition_game,6,,2;8,2;8,8,"{""8"": 35}","{""2"": 4857, ""8"": 4587}",73392,41.664071190211345,10,40.0,60.0,,,,,2,ns3,899,0.5,10,12,28,1,1,[41.664071190211345],[684176],8>2:0,,21,37,
2026_07_15_01_26_56,000138,11,all-cluster-heads,C:\Workspace\OpenCDA\docs\doc_workspace\SGCP\artifacts\early_from_late_checkpoint_20260719\enable_coperception_early_from_attentive.yaml,fullperception_pcs,grid,utility,utility,none,0,0,,cov_coalition_game,6,,9;11,11,,{},"{""11"": 4909}",0,41.664071190211345,10,40.0,60.0,,,,,2,ns3,899,0.5,10,12,28,1,1,[41.664071190211345],[684176],,,14,15,
2026_07_15_01_26_56,000138,12,all-cluster-heads,C:\Workspace\OpenCDA\docs\doc_workspace\SGCP\artifacts\early_from_late_checkpoint_20260719\enable_coperception_early_from_attentive.yaml,fullperception_pcs,grid,utility,utility,none,0,0,,cov_coalition_game,6,,12,12,,{},"{""12"": 4989}",0,41.664071190211345,10,40.0,60.0,,,,,2,ns3,899,0.5,10,12,28,1,1,[41.664071190211345],[684176],,,3,9,
2026_07_15_01_26_56,000138,13,all-cluster-heads,C:\Workspace\OpenCDA\docs\doc_workspace\SGCP\artifacts\early_from_late_checkpoint_20260719\enable_coperception_early_from_attentive.yaml,fullperception_pcs,grid,utility,utility,none,0,0,,cov_coalition_game,6,,13;14,13,,{},"{""13"": 4698}",0,41.664071190211345,10,40.0,60.0,,,,,2,ns3,899,0.5,10,12,28,1,1,[41.664071190211345],[684176],,,0,7,
2026_07_15_01_26_56,000138,17,all-cluster-heads,C:\Workspace\OpenCDA\docs\doc_workspace\SGCP\artifacts\early_from_late_checkpoint_20260719\enable_coperception_early_from_attentive.yaml,fullperception_pcs,grid,utility,utility,none,0,0,,cov_coalition_game,6,,5;7;17,17;5;7,5;7,"{""5"": 39, ""7"": 38}","{""5"": 4072, ""7"": 4510, ""17"": 5027}",137312,41.664071190211345,10,40.0,60.0,,,,,2,ns3,899,0.5,10,12,28,1,1,[41.664071190211345],[684176],5>17:3;7>17:4,,17,24,
2026_07_15_01_26_56,000138,20,all-cluster-heads,C:\Workspace\OpenCDA\docs\doc_workspace\SGCP\artifacts\early_from_late_checkpoint_20260719\enable_coperception_early_from_attentive.yaml,fullperception_pcs,grid,utility,utility,none,0,0,,cov_coalition_game,6,,19;20,20,,{},"{""20"": 4910}",0,41.664071190211345,10,40.0,60.0,,,,,2,ns3,899,0.5,10,12,28,1,1,[41.664071190211345],[684176],,,17,19,
2026_07_15_01_26_56,000140,4,all-cluster-heads,C:\Workspace\OpenCDA\docs\doc_workspace\SGCP\artifacts\early_from_late_checkpoint_20260719\enable_coperception_early_from_attentive.yaml,fullperception_pcs,grid,utility,utility,none,0,0,,cov_coalition_game,6,,1;4,4,,{},"{""4"": 4847}",0,41.91323692992214,10,40.0,60.0,,,,,2,ns3,899,0.5,10,12,28,1,1,[41.91323692992214],[683280],,,10,28,
2026_07_15_01_26_56,000140,11,all-cluster-heads,C:\Workspace\OpenCDA\docs\doc_workspace\SGCP\artifacts\early_from_late_checkpoint_20260719\enable_coperception_early_from_attentive.yaml,fullperception_pcs,grid,utility,utility,none,0,0,,cov_coalition_game,6,,9;11,11,,{},"{""11"": 4910}",0,41.91323692992214,10,40.0,60.0,,,,,2,ns3,899,0.5,10,12,28,1,1,[41.91323692992214],[683280],,,16,15,
2026_07_15_01_26_56,000140,13,all-cluster-heads,C:\Workspace\OpenCDA\docs\doc_workspace\SGCP\artifacts\early_from_late_checkpoint_20260719\enable_coperception_early_from_attentive.yaml,fullperception_pcs,grid,utility,utility,none,0,0,,cov_coalition_game,6,,13;14,13,,{},"{""13"": 4683}",0,41.91323692992214,10,40.0,60.0,,,,,2,ns3,899,0.5,10,12,28,1,1,[41.91323692992214],[683280],,,0,6,
2026_07_15_01_26_56,000140,15,all-cluster-heads,C:\Workspace\OpenCDA\docs\doc_workspace\SGCP\artifacts\early_from_late_checkpoint_20260719\enable_coperception_early_from_attentive.yaml,fullperception_pcs,grid,utility,utility,none,0,0,,cov_coalition_game,6,,6;15,15,,{},"{""15"": 4825}",0,41.91323692992214,10,40.0,60.0,,,,,2,ns3,899,0.5,10,12,28,1,1,[41.91323692992214],[683280],,,14,14,
2026_07_15_01_26_56,000140,17,all-cluster-heads,C:\Workspace\OpenCDA\docs\doc_workspace\SGCP\artifacts\early_from_late_checkpoint_20260719\enable_coperception_early_from_attentive.yaml,fullperception_pcs,grid,utility,utility,none,0,0,,cov_coalition_game,6,,5;7;17,17;5;7,5;7,"{""5"": 39, ""7"": 37}","{""5"": 4049, ""7"": 4513, ""17"": 5029}",136992,41.91323692992214,10,40.0,60.0,,,,,2,ns3,899,0.5,10,12,28,1,1,[41.91323692992214],[683280],5>17:3;7>17:4,,14,22,
2026_07_15_01_26_56,000140,20,all-cluster-heads,C:\Workspace\OpenCDA\docs\doc_workspace\SGCP\artifacts\early_from_late_checkpoint_20260719\enable_coperception_early_from_attentive.yaml,fullperception_pcs,grid,utility,utility,none,0,0,,cov_coalition_game,6,,19;20,20,,{},"{""20"": 4909}",0,41.91323692992214,10,40.0,60.0,,,,,2,ns3,899,0.5,10,12,28,1,1,[41.91323692992214],[683280],,,17,19,
